   2.50000000000000000000000000000000000                 1
   2.25000000000000000000000000000000000                 2
   2.37500000000000000000000000000000000                 3
   2.43750000000000000000000000000000000                 4
   2.40625000000000000000000000000000000                 5
   2.42187500000000000000000000000000000                 6
   2.41406250000000000000000000000000000                 7
   2.41796875000000000000000000000000000                 8
   2.41992187500000000000000000000000000                 9
   2.41894531250000000000000000000000000                10
   2.41845703125000000000000000000000000                11
   2.41870117187500000000000000000000000                12
   2.41882324218750000000000000000000000                13
   2.41888427734375000000000000000000000                14
   2.41891479492187500000000000000000000                15
   2.41893005371093750000000000000000000                16
   2.41892242431640625000000000000000000                17
   2.41891860961914062500000000000000000                18
   2.41892051696777343750000000000000000                19
   2.41891956329345703125000000000000000                20
   2.41891908645629882812500000000000000                21
   2.41891884803771972656250000000000000                22
   2.41891896724700927734375000000000000                23
   2.41891890764236450195312500000000000                24
   2.41891887784004211425781250000000000                25
   2.41891886293888092041015625000000000                26
   2.41891885548830032348632812500000000                27
   2.41891885176301002502441406250000000                28
   2.41891885362565517425537109375000000                29
   2.41891885455697774887084960937500000                30
   2.41891885409131646156311035156250000                31
   2.41891885385848581790924072265625000                32
   2.41891885374207049608230590820312500                33
   2.41891885380027815699577331542968750                34
   2.41891885377117432653903961181640625                35
   2.41891885378572624176740646362304688                36
   2.41891885377845028415322303771972656                37
   2.41891885378208826296031475067138672                38
   2.41891885378026927355676889419555664                39
   2.41891885377935977885499596595764160                40
   2.41891885377981452620588243007659912                41
   2.41891885378004189988132566213607788                42
   2.41891885377992821304360404610633850                43
   2.41891885377987136962474323809146881                44
   2.41891885377984294791531283408403397                45
   2.41891885377985715877002803608775139                46
   2.41891885377985005334267043508589268                47
   2.41891885377984650062899163458496332                48
   2.41891885377984827698583103483542800                49
   2.41891885377984916516425073496066034                50
   2.41891885377984960925346058502327651                51
   2.41891885377984938720885565999196842                52
   2.41891885377984927618655319747631438                53
   2.41891885377984922067540196621848736                54
