           1   4.28545636210534316629125771577240743E-0004
           1   2.01916087511212965075915319017341035E-0003
           1   3.56327902728103397686190773044224765E-0003
           1   1.75097800088891496284699950578650992E-0003
           1   3.75864184929160226458355762499977754E-0003
           1   2.77258465824727599587659322871172908E-0003
           1   1.85007533673511842610536684161262414E-0003
           1   9.88584457453495171975886142641331269E-0004
           1   3.41858283113483591046255846137578402E-0003
           1   1.78781266557890362694999099243601054E-0003
           2   8.89606492642343542451453846653981722E-0003
           2   4.19244682320469546208313743302161864E-0003
           2   2.14871381752794313649681661355446787E-0003
           2   4.27517551876193881873737308332918901E-0003
           2   3.26670416537340044450533336519549191E-0003
           2   1.28816513806795848117818393643766860E-0003
           2   8.10840086329710573778299538763437764E-0003
           2   4.18716435719527951128929676311879103E-0003
           2   7.96290657489118633761478502838725872E-0003
           2   2.09041426358424395740782550508121061E-0003
           3   8.69847838678529154561259752211590142E-0003
           3   1.16914932742094942586133061261947539E-0002
           3   1.13488211944145948685196836293282315E-0003
           3   3.30784284547347428252826315024016408E-0003
           3   1.14949133845964283463057832482104956E-0002
           3   2.81408800105657356218730046486765585E-0004
           3   1.27123595399171182589803836497486723E-0002
           3   1.13607125597565422889371133238855181E-0002
           3   7.27852495551633895141174008432153155E-0003
           3   1.15784210544438638064357076769944281E-0002
           4   2.33241022638965065892271761421924688E-0004
           4   8.37128031766511942728165273288042378E-0003
           4   1.73829333910181553480261440507433664E-0002
           4   1.46576392222032096566000039164571042E-0002
           4   1.52831088840842374454385525234230701E-0002
           4   4.87879068057198841455712365774239115E-0004
           4   1.22955028523696449994851260011136948E-0002
           4   1.46178770206490734369627229461350206E-0002
           4   1.32909553556755161732744456463553926E-0002
           4   6.97896490489096324778815885243683959E-0003
           5   2.06143001556788886969277900105503045E-0002
           5   1.45955222702024369843801306301037120E-0002
           5   2.14690480613385923109628802279116938E-0002
           5   3.89592887241125829250276887139429689E-0003
           5   1.27423181077217984397292825102482716E-0002
           5   1.77453393864842390499910793796118377E-0002
           5   2.03414887097867523018317202955896669E-0002
           5   1.40158624378657825362456999947042766E-0002
           5   1.12040168908977928913217435906739296E-0002
           5   2.00685936880460492709077269708002072E-0002
