           1   3.87531244457422092268092361498821794E-0003
           1   4.67966262353994110245040527311421079E-0003
           1   2.95084161789405633241409136628502338E-0003
           1   4.24528980377664805793638297423898997E-0003
           1   4.80010622866911521726639880825340399E-0003
           1   3.84938124621012375861480322195817540E-0003
           1   4.23362040014353817711889828053386445E-0003
           1   3.41780007266827311819838641346110564E-0003
           1   3.59548164872709334130746746238238370E-0003
           1   3.88298594316166836890548053985420418E-0003
           2   9.47563837889304045266521597961658075E-0003
           2   6.97398497147316008113201612451461668E-0003
           2   6.21155009167487731810730390400085987E-0003
           2   7.96190029658577247989384028823348492E-0003
           2   7.07066740643631531803706592322742916E-0003
           2   7.36088896229045572828073124011497202E-0003
           2   7.03974822056558483660495396155376944E-0003
           2   8.82508483023783435957661777592964604E-0003
           2   5.99862950229037672109520006701106558E-0003
           2   8.68538772030125063869533856997869233E-0003
           3   1.36081953386650635966480512839304482E-0002
           3   1.25770874918817648690950148973794526E-0002
           3   1.09233747976037789914973955155550510E-0002
           3   1.02827184260855574544831855400038778E-0002
           3   1.19676153813748979715978633881937135E-0002
           3   1.15491254476827541044002998706851514E-0002
           3   1.06021706027211808130107685162773872E-0002
           3   1.21235885129586574446869501010284518E-0002
           3   1.29768906307213505178519807975124241E-0002
           3   1.15104270550502838383661746703697073E-0002
           4   1.73430392465552066062144434562150447E-0002
           4   1.72383909806129517263893425353563107E-0002
           4   1.61081265982729828493224044817219943E-0002
           4   1.66124601068415260773047109775759114E-0002
           4   1.58995171951839440584325218330560937E-0002
           4   1.72738457604029248834552079657947199E-0002
           4   1.54698961996982496817628134396750900E-0002
           4   1.63087314545989103222071313341054117E-0002
           4   1.47595012437064406226845691031379916E-0002
           4   1.53900195866181741179446562610573933E-0002
           5   2.19724512396390345295703521810356367E-0002
           5   1.95237064755568349246583391818485551E-0002
           5   1.90600336145640312721564137834834361E-0002
           5   1.90683490443920487765612630514094820E-0002
           5   2.02000439333886278215045336550441975E-0002
           5   2.16422577620105175092620037635452593E-0002
           5   1.91493162174886725626227189634308216E-0002
           5   2.04229001412234883149652242282736705E-0002
           5   2.02344216193679965002490839212419294E-0002
           5   1.97864639868315512461030748922002771E-0002
