   2.43750000000000000000000000000000000                 4  0.100000001490116119384765625000000000      
   2.41406250000000000000000000000000000                 7   1.00000001490116119384765625000000003E-0002
   2.41894531250000000000000000000000000                10   1.00000001490116119384765625000000007E-0003
   2.41888427734375000000000000000000000                14   1.00000001490116119384765625000000002E-0004
   2.41892242431640625000000000000000000                17   1.00000001490116119384765625000000005E-0005
   2.41891956329345703125000000000000000                20   1.00000001490116119384765625000000009E-0006
   2.41891890764236450195312500000000000                24   1.00000001490116119384765625000000006E-0007
   2.41891885548830032348632812500000000                27   1.00000001490116119384765625000000006E-0008
   2.41891885455697774887084960937500000                30   1.00000001490116119384765625000000006E-0009
   2.41891885380027815699577331542968750                34   1.00000001490116119384765625000000004E-0010
   2.41891885377845028415322303771972656                37   1.00000001490116119384765625000000007E-0011
   2.41891885377935977885499596595764160                40   1.00000001490116119384765625000000010E-0012
   2.41891885377987136962474323809146881                44   1.00000001490116119384765625000000013E-0013
   2.41891885377985005334267043508589268                47   1.00000001490116119384765625000000007E-0014
   2.41891885377984916516425073496066034                50   1.00000001490116119384765625000000007E-0015
