   2.40881491385093513374770306594611050                 2  0.100000001490116119384765625000000000      
   2.41891791563128581792109277654181903                 4   1.00000001490116119384765625000000003E-0002
   2.41891791563128581792109277654181903                 4   1.00000001490116119384765625000000007E-0003
   2.41891885369337852441367101123791033                 5   1.00000001490116119384765625000000002E-0004
   2.41891885369337852441367101123791033                 5   1.00000001490116119384765625000000005E-0005
   2.41891885369337852441367101123791033                 5   1.00000001490116119384765625000000009E-0006
   2.41891885377984924260006452179996770                 6   1.00000001490116119384765625000000006E-0007
   2.41891885377984924260006452179996770                 6   1.00000001490116119384765625000000006E-0008
   2.41891885377984924260006452179996770                 6   1.00000001490116119384765625000000006E-0009
   2.41891885377984924260006452179996770                 6   1.00000001490116119384765625000000004E-0010
   2.41891885377984921500155191432825735                 7   1.00000001490116119384765625000000007E-0011
   2.41891885377984921500155191432825735                 7   1.00000001490116119384765625000000010E-0012
   2.41891885377984921500155191432825735                 7   1.00000001490116119384765625000000013E-0013
   2.41891885377984921500155191432825735                 7   1.00000001490116119384765625000000007E-0014
   2.41891885377984921500155191432825735                 7   1.00000001490116119384765625000000007E-0015
