   1.00000000000000000000000000000000005E-0001   727.077720937180015393314910594291967      
   1.00000000000000000000000000000000002E-0002   44.5292014887479250423616118070975971      
   9.99999999999999999999999999999999943E-0004   3.31564780780637614862670698594308067      
   9.99999999999999999999999999999999966E-0005  0.459302381843803808080575599462293250      
   9.99999999999999999999999999999999966E-0006   3.83330006129962172456339130238773682E-0002
   9.99999999999999999999999999999999930E-0007   6.40465159123449178831687380217975657E-0003
   9.99999999999999999999999999999999976E-0008   1.39827007208163867492645388338578180E-0003
   1.00000000000000000000000000000000000E-0008   3.86913453160697961684961550051839373E-0005
   9.99999999999999999999999999999999932E-0010   2.74575285213026896197035832163636556E-0006
   9.99999999999999999999999999999999932E-0011   3.43131033764906883889113760836309632E-0007
   9.99999999999999999999999999999999904E-0012   6.27113888162500842185012699702047508E-0008
   9.99999999999999999999999999999999904E-0013   6.78942806353707840149463376526925621E-0009
   9.99999999999999999999999999999999904E-0014   3.84805977178612252825858462912677322E-0010
   9.99999999999999999999999999999999850E-0015   3.29955705831752350596906651768688528E-0011
   9.99999999999999999999999999999999815E-0016   1.91353471214989876626379587516416483E-0012
   9.99999999999999999999999999999999858E-0017   3.16353186303034065376233154799484612E-0013
