   1.00000000000000000000000000000000000         727.077720937180015393314910594291967      
   2.00000000000000000000000000000000000         621.316018561864158440446727453636777      
   3.00000000000000000000000000000000000         529.344891143060259623162759457375127      
   4.00000000000000000000000000000000000         446.757115591552104460919941481247662      
   5.00000000000000000000000000000000000         379.716878229902389503354118112054950      
   6.00000000000000000000000000000000000         329.327283653132103895745321214096590      
   7.00000000000000000000000000000000000         282.838223264607384849795139197672939      
   8.00000000000000000000000000000000000         233.178265007597037125823507722822683      
   9.00000000000000000000000000000000000         174.632945123311291787478063281422582      
   10.0000000000000000000000000000000000         117.014189197849713876103374056923909      
   11.0000000000000000000000000000000000         69.0537951770904299544846920342021835      
   12.0000000000000000000000000000000000         44.5292014887479250423616118070975971      
   13.0000000000000000000000000000000000         30.1477279372315215643350302246183821      
   14.0000000000000000000000000000000000         21.4579838192932314130061772078814079      
   15.0000000000000000000000000000000000         14.1819438314676470033062195887413662      
   16.0000000000000000000000000000000000         9.14675099928893687308658245814550616      
   17.0000000000000000000000000000000000         5.34952277679199512731589696781918867      
   18.0000000000000000000000000000000000         3.31564780780637614862670698594308067      
   19.0000000000000000000000000000000000         2.09894268264547161231793329771059183      
   20.0000000000000000000000000000000000         1.26713372759118466608356230469821777      
   21.0000000000000000000000000000000000        0.860010221349927363217108036285327691      
   22.0000000000000000000000000000000000        0.611458080613263116230356803412657139      
   23.0000000000000000000000000000000000        0.459302381843803808080575599462293250      
   24.0000000000000000000000000000000000        0.340099180974306684797054283541727245      
   25.0000000000000000000000000000000000        0.257925237834321882177576428371468576      
   26.0000000000000000000000000000000000        0.195728185154336343702064007121792467      
   27.0000000000000000000000000000000000        0.142459581940817388082630326860648411      
   28.0000000000000000000000000000000000         9.78742028895784314302042351564381511E-0002
   29.0000000000000000000000000000000000         6.27879690160789454771495140923707359E-0002
   30.0000000000000000000000000000000000         3.83330006129962172456339130238773682E-0002
   31.0000000000000000000000000000000000         2.45354409787283075814396813737914582E-0002
   32.0000000000000000000000000000000000         1.55208351399019339745820369826512577E-0002
   33.0000000000000000000000000000000000         1.02506677209369113664674264406439160E-0002
   34.0000000000000000000000000000000000         7.72040571198977713665877978252032648E-0003
   35.0000000000000000000000000000000000         6.40465159123449178831687380217975657E-0003
   36.0000000000000000000000000000000000         5.40711674779116464570651742153965389E-0003
   37.0000000000000000000000000000000000         4.54221999899337084295700480771092946E-0003
   38.0000000000000000000000000000000000         3.97735045842740130497271434078976463E-0003
   39.0000000000000000000000000000000000         3.37595299013607079828223417469813582E-0003
   40.0000000000000000000000000000000000         2.82211311000615568730827948733811179E-0003
   41.0000000000000000000000000000000000         2.32980656023524317956472090412555284E-0003
   42.0000000000000000000000000000000000         1.90974231345685313551879434340057260E-0003
   43.0000000000000000000000000000000000         1.61414763903163080407859092025711558E-0003
   44.0000000000000000000000000000000000         1.39827007208163867492645388338578180E-0003
   45.0000000000000000000000000000000000         1.19782798484332782146149279189534585E-0003
   46.0000000000000000000000000000000000         9.56948646652079675553521980788320573E-0004
   47.0000000000000000000000000000000000         7.26677250222197446103696403536134889E-0004
   48.0000000000000000000000000000000000         5.41384824315466014395032098174416405E-0004
   49.0000000000000000000000000000000000         3.57030825633638608763350363559242374E-0004
   50.0000000000000000000000000000000000         2.02551989394308876198127352166350504E-0004
   51.0000000000000000000000000000000000         1.07254688270613360973008009694867157E-0004
   52.0000000000000000000000000000000000         6.29908009348517134570895114649926881E-0005
   53.0000000000000000000000000000000000         3.86913453160697961684961550051839373E-0005
   54.0000000000000000000000000000000000         2.34426152254253942262383444775893331E-0005
   55.0000000000000000000000000000000000         1.39359310231016256944429983198732835E-0005
   56.0000000000000000000000000000000000         7.93906800835500708841169985684215180E-0006
   57.0000000000000000000000000000000000         4.47598990360891564156560937521392885E-0006
   58.0000000000000000000000000000000000         2.74575285213026896197035832163636556E-0006
   59.0000000000000000000000000000000000         1.72560946582770628164152013637043034E-0006
   60.0000000000000000000000000000000000         1.12552402363065846334389737293918057E-0006
   61.0000000000000000000000000000000000         7.63630985403168704074342663803252766E-0007
   62.0000000000000000000000000000000000         5.24446925358874585810708702693309598E-0007
   63.0000000000000000000000000000000000         3.43131033764906883889113760836309632E-0007
   64.0000000000000000000000000000000000         2.10396504098034824043120627077765604E-0007
   65.0000000000000000000000000000000000         1.46210773734410013436151410292874374E-0007
   66.0000000000000000000000000000000000         1.10453856524699030684739702833536538E-0007
   67.0000000000000000000000000000000000         8.48736030863941366389623224896245693E-0008
   68.0000000000000000000000000000000000         6.27113888162500842185012699702047508E-0008
   69.0000000000000000000000000000000000         4.42865008209944124997379828435786405E-0008
   70.0000000000000000000000000000000000         2.68130674693117028926430336201871993E-0008
   71.0000000000000000000000000000000000         1.66268003554578745741593866959012449E-0008
   72.0000000000000000000000000000000000         1.09009718160686127947594921585225371E-0008
   73.0000000000000000000000000000000000         8.45642750671546880418143043275189490E-0009
   74.0000000000000000000000000000000000         6.78942806353707840149463376526925621E-0009
