           5   5.77778983316170755916793382775478196E-0034
           6   1.34815096107106509713918455980944912E-0033
           7   7.45575831573038150367083509977724025E-0014
           8   1.08221493803671299239709163048470900E-0011
           9   8.54148251914952241284440274737834556E-0012
          10   6.57803688960192887680683108030116740E-0012
          11   3.42176485978520935654859859185334289E-0011
          12   3.20854470772719329812609700130475107E-0011
          13   7.47334120781525831866156953337040720E-0011
          14   6.80831323054577362636822518305238583E-0011
          15   9.03977376498046018136992163007549175E-0011
          16   1.07038348444587217127221403235317889E-0010
          17   1.03202756471762675852769941071243845E-0010
          18   2.44806009866978664969950763836327587E-0010
          19   1.80450290640906380515285673588743039E-0010
          20   1.89498001509929905590764043320241476E-0010
          21   4.29897599585564459438668746970291577E-0010
          22   3.66435247306508807862469763999931637E-0010
          23   5.47880388317355979520534292877169303E-0010
          24   4.55826159227885012656688483004910913E-0010
          25   3.69876120880757549392757243738810980E-0010
          26   8.53387107688293052729171390378848040E-0010
          27   9.07163584783715711567481987992707124E-0010
          28   9.46486406578736187807561765778065294E-0010
          29   9.14171127535855178601370168893441462E-0010
          30   1.43492321397927472259521762136222878E-0009
          31   2.02967644218517623141969123085606271E-0009
          32   1.37422662771813011741926721617046503E-0009
          33   1.56111489672154673925113219301868981E-0009
          34   3.63240558611962547378884392243855481E-0009
          35   1.96281489362515877677135701517498129E-0009
          36   3.62374899185990443227260032480682476E-0009
          37   3.85442170387291116354149515458569623E-0009
          38   4.04108649673514927412147942272309755E-0009
          39   6.05752528005417546075921670686565875E-0009
          40   5.18382825882728101549376991922728804E-0009
          41   6.28418545415043929518885772478901311E-0009
          42   7.48866708141288557432837213989000962E-0009
          43   6.93270873330918694190455528124197011E-0009
          44   7.68508210383373564022328124277702299E-0009
          45   7.11297478985099591629232447186875625E-0009
          46   8.25749687745945923442235907488102749E-0009
          47   7.91131879599024570318628869868536131E-0009
          48   8.72953754383669222211534236139886442E-0009
          49   8.95233635960304971721961969175614205E-0009
          50   1.22176187633924186215876779342732614E-0008
          51   1.12796642729600373375166688515142987E-0008
          52   1.14836786527719631232326777466118620E-0008
          53   9.18258992101395385664672246251541799E-0009
