   1.00000000000000000000000000000000005E-0001           1
   1.00000000000000000000000000000000002E-0002          12
   9.99999999999999999999999999999999943E-0004          18
   9.99999999999999999999999999999999966E-0005          23
   9.99999999999999999999999999999999966E-0006          30
   9.99999999999999999999999999999999930E-0007          35
   9.99999999999999999999999999999999976E-0008          44
   1.00000000000000000000000000000000000E-0008          53
   9.99999999999999999999999999999999932E-0010          58
   9.99999999999999999999999999999999932E-0011          63
   9.99999999999999999999999999999999904E-0012          68
   9.99999999999999999999999999999999904E-0013          74
   9.99999999999999999999999999999999904E-0014          81
   9.99999999999999999999999999999999850E-0015          87
   9.99999999999999999999999999999999815E-0016          92
   9.99999999999999999999999999999999858E-0017          96
