           5   1.76000000000000000000000000000000267E-0004
           6   1.16000000000000000000000000000000022E-0004
           7   4.01000000000000000000000000000000621E-0004
           8   6.72000000000000000000000000000000335E-0004
           9   1.69999999999999999999999999999999941E-0003
          10   2.48099999999999999999999999999999933E-0003
          11   4.84199999999999999999999999999999967E-0003
          12   7.24200000000000000000000000000000044E-0003
          13   1.47390000000000000000000000000000010E-0002
          14   2.05749999999999999999999999999999988E-0002
          15   3.83860000000000000000000000000000038E-0002
          16   5.33529999999999999999999999999999939E-0002
          17   8.34930000000000000000000000000000048E-0002
          18  0.112222000000000000000000000000000026      
          19  0.164056999999999999999999999999999944      
          20  0.231545999999999999999999999999999933      
          21  0.311702999999999999999999999999999984      
          22  0.389438000000000000000000000000000049      
          23  0.571443000000000000000000000000000131      
          24  0.637645999999999999999999999999999743      
          25  0.868591000000000000000000000000000307      
          26   1.13983900000000000000000000000000019      
          27   1.44806400000000000000000000000000056      
          28   1.70478299999999999999999999999999944      
          29   2.30667799999999999999999999999999988      
          30   2.73008400000000000000000000000000066      
          31   3.35082999999999999999999999999999879      
          32   3.81156499999999999999999999999999938      
          33   4.79080999999999999999999999999999998      
          34   5.56925099999999999999999999999999906      
          35   6.90631100000000000000000000000000261      
          36   8.01023000000000000000000000000000278      
          37   10.0171489999999999999999999999999993      
          38   11.3510060000000000000000000000000021      
          39   13.7510289999999999999999999999999970      
          40   15.5261929999999999999999999999999942      
          41   19.4931070000000000000000000000000004      
          42   22.0155279999999999999999999999999874      
          43   26.6868120000000000000000000000000138      
          44   28.0917349999999999999999999999999912      
          45   33.1913809999999999999999999999999986      
          46   36.8640190000000000000000000000000119      
          47   44.9036759999999999999999999999999608      
          48   51.3560250000000000000000000000000076      
          49   57.6861010000000000000000000000000067      
          50   63.6052989999999999999999999999999902      
          51   73.5231830000000000000000000000000144      
          52   79.8596260000000000000000000000000597      
          53   92.1913029999999999999999999999999646      
