   1.00000000000000000000000000000000005E-0001   1.72087475631030018096457363714480534E-0004
   1.00000000000000000000000000000000002E-0002   1.72087475631030018096457363714480534E-0004
   9.99999999999999999999999999999999943E-0004   7.10019262104823833132672452015958046E-0007
   9.99999999999999999999999999999999966E-0005   3.26453164297909427974694506566506380E-0008
   9.99999999999999999999999999999999966E-0006   3.26453164297909427974694506566506380E-0008
   9.99999999999999999999999999999999930E-0007   3.26453164297909427974694506566506380E-0008
   9.99999999999999999999999999999999976E-0008   1.46123320736255215972382683820507538E-0010
   1.00000000000000000000000000000000000E-0008   6.19727995419569500216409497273220455E-0012
   9.99999999999999999999999999999999932E-0010   6.19727995419569500216409497273220455E-0012
   9.99999999999999999999999999999999932E-0011   6.19727995419569500216409497273220455E-0012
   9.99999999999999999999999999999999904E-0012   2.98719636700928469448029200211733513E-0014
   9.99999999999999999999999999999999904E-0013   1.17729162827939710980186861944457050E-0015
   9.99999999999999999999999999999999904E-0014   1.17729162827939710980186861944457050E-0015
   9.99999999999999999999999999999999850E-0015   6.07224570869814214458430905265823231E-0018
   9.99999999999999999999999999999999815E-0016   2.23801928903333428225971327838359164E-0019
   9.99999999999999999999999999999999858E-0017   2.23801928903333428225971327838359164E-0019
