   1.00000000000000000000000000000000005E-0001           2
   1.00000000000000000000000000000000002E-0002           2
   9.99999999999999999999999999999999943E-0004           3
   9.99999999999999999999999999999999966E-0005           4
   9.99999999999999999999999999999999966E-0006           4
   9.99999999999999999999999999999999930E-0007           4
   9.99999999999999999999999999999999976E-0008           5
   1.00000000000000000000000000000000000E-0008           6
   9.99999999999999999999999999999999932E-0010           6
   9.99999999999999999999999999999999932E-0011           6
   9.99999999999999999999999999999999904E-0012           7
   9.99999999999999999999999999999999904E-0013           8
   9.99999999999999999999999999999999904E-0014           8
   9.99999999999999999999999999999999850E-0015           9
   9.99999999999999999999999999999999815E-0016          10
   9.99999999999999999999999999999999858E-0017          10
