   3.10670777976194647175071557503790334E-0002   1.00000000000000000000000000000000005E-0001
   2.17658394307550225113075642727385078E-0002   1.00000000000000000000000000000000002E-0002
   2.13375767820126153218373046527540542E-0002   9.99999999999999999999999999999999943E-0004
   2.10668373327099566479160176521380117E-0002   9.99999999999999999999999999999999966E-0005
   2.09279296002504113685062393273925055E-0002   9.99999999999999999999999999999999966E-0006
   2.08561066447641148664579808525482665E-0002   9.99999999999999999999999999999999930E-0007
   2.08571930133021212190335555231692045E-0002   9.99999999999999999999999999999999976E-0008
   2.08568272074746769374376993298584526E-0002   1.00000000000000000000000000000000000E-0008
   2.08568607732916179305945491660430854E-0002   9.99999999999999999999999999999999932E-0010
   2.08568594439670116464353558983427083E-0002   9.99999999999999999999999999999999932E-0011
   2.08568597321541889842089717405309329E-0002   9.99999999999999999999999999999999904E-0012
   2.08568597431894177575471442363624583E-0002   9.99999999999999999999999999999999904E-0013
