   8.98318381631413148121892620925618411E-0002   1.00000000000000000000000000000000005E-0001
   2.51784042790072359805936517590038660E-0002   1.00000000000000000000000000000000002E-0002
   2.11375646612488560536189261131503296E-0002   9.99999999999999999999999999999999943E-0004
   2.08850121851389573081830057603000836E-0002   9.99999999999999999999999999999999966E-0005
   2.08692276553820886365932607382484840E-0002   9.99999999999999999999999999999999966E-0006
   2.08682411222722843446189016743704516E-0002   9.99999999999999999999999999999999930E-0007
   2.08682411222722843446189016743704516E-0002   9.99999999999999999999999999999999976E-0008
   2.08681794639529215763705042329154376E-0002   1.00000000000000000000000000000000000E-0008
   2.08681756103079614033549793927355213E-0002   9.99999999999999999999999999999999932E-0010
   2.08681753694551513925415090902941877E-0002   9.99999999999999999999999999999999932E-0011
   2.08681753544018507668656671963103302E-0002   9.99999999999999999999999999999999904E-0012
   2.08681753534610194777609270779369168E-0002   9.99999999999999999999999999999999904E-0013
