   1.29568259058184291013932076808146121E-0006   6.01999998092651367187500000000000000      
   1.12601439043980159863724462678495716E-0006   5.01999998092651367187500000000000000      
   3.71640519600380999735526426362452121E-0007   4.03999996185302734375000000000000000      
   3.48917635225613305520927129216089000E-0007   3.51999998092651367187500000000000000      
   1.28153164494809366190375410354818086E-0007   3.01999998092651367187500000000000000      
   1.12007598303971464328658106632469306E-0007   2.51999998092651367187500000000000000      
   5.64550649500476249669408032953065151E-0008   2.01999998092651367187500000000000000      
   4.03094987592097231052234996692542321E-0008   1.51999998092651367187500000000000000      
   9.46044898682885249350619592283132769E-0009   1.01999998092651367187500000000000000      
   4.00165704983616547553889238705701091E-0009  0.519999980926513671875000000000000000      
