           4   1.00000000000000000000000000000000005E-0001
           5   1.00000000000000000000000000000000002E-0002
           6   9.99999999999999999999999999999999943E-0004
           7   9.99999999999999999999999999999999966E-0005
           8   9.99999999999999999999999999999999966E-0006
          10   9.99999999999999999999999999999999930E-0007
          11   9.99999999999999999999999999999999976E-0008
          14   1.00000000000000000000000000000000000E-0008
          16   9.99999999999999999999999999999999932E-0010
          17   9.99999999999999999999999999999999932E-0011
          19   9.99999999999999999999999999999999904E-0012
          20   9.99999999999999999999999999999999904E-0013
