           2   1.00000000000000000000000000000000005E-0001
           3   1.00000000000000000000000000000000002E-0002
           4   9.99999999999999999999999999999999943E-0004
           5   9.99999999999999999999999999999999966E-0005
           6   9.99999999999999999999999999999999966E-0006
           7   9.99999999999999999999999999999999930E-0007
           7   9.99999999999999999999999999999999976E-0008
           8   1.00000000000000000000000000000000000E-0008
           9   9.99999999999999999999999999999999932E-0010
          10   9.99999999999999999999999999999999932E-0011
          11   9.99999999999999999999999999999999904E-0012
          12   9.99999999999999999999999999999999904E-0013
