   2.36681739166541843334030350537718478E-0004   1.00000000000000000000000000000000005E-0001
   8.99015181946604153580845217727263972E-0005   1.00000000000000000000000000000000002E-0002
   1.61889469560891847432038011808904865E-0005   9.99999999999999999999999999999999943E-0004
   1.05800622314502890385326531877008147E-0006   9.99999999999999999999999999999999966E-0005
   3.04741531803651301261875309523038766E-0007   9.99999999999999999999999999999999966E-0006
   1.09388855668340229832234600595752329E-0007   9.99999999999999999999999999999999930E-0007
   1.01176403020185164037886425905682498E-0007   9.99999999999999999999999999999999976E-0008
   1.04347596196289320051373894271689680E-0007   1.00000000000000000000000000000000000E-0008
   1.05563310732606886121545866743503360E-0007   9.99999999999999999999999999999999932E-0010
   1.05512780882215597625340028968277696E-0007   9.99999999999999999999999999999999932E-0011
   1.05503054187299496619036000335282774E-0007   9.99999999999999999999999999999999904E-0012
   1.05501454465870114345840040077847259E-0007   9.99999999999999999999999999999999904E-0013
   1.05501551105848249914026128276861197E-0007   9.99999999999999999999999999999999904E-0014
   1.05501469532732906384350204463304074E-0007   9.99999999999999999999999999999999850E-0015
   1.05501467502585884624217030123953147E-0007   9.99999999999999999999999999999999815E-0016
   1.05501468548676241338923878129378257E-0007   9.99999999999999999999999999999999858E-0017
