  -1.50999999046325683593750000000000000         2.35937498509883880615234375000000000E-0002
  -1.48640624061226844787597656250000000         2.35937498509883880615234375000000000E-0002
  -1.46281249076128005981445312500000000         4.71874997019767761230468750000000000E-0002
  -1.41562499105930328369140625000000000         2.35937498509883880615234375000000000E-0002
  -1.39203124120831489562988281250000000         2.35937498509883880615234375000000000E-0002
  -1.36843749135732650756835937500000000         2.35937498509883880615234375000000000E-0002
  -1.34484374150633811950683593750000000         2.35937498509883880615234375000000000E-0002
  -1.32124999165534973144531250000000000         2.35937498509883880615234375000000000E-0002
  -1.29765624180436134338378906250000000         2.35937498509883880615234375000000000E-0002
  -1.27406249195337295532226562500000000         2.35937498509883880615234375000000000E-0002
  -1.25046874210238456726074218750000000         2.35937498509883880615234375000000000E-0002
  -1.22687499225139617919921875000000000         2.35937498509883880615234375000000000E-0002
  -1.20328124240040779113769531250000000         2.35937498509883880615234375000000000E-0002
  -1.17968749254941940307617187500000000         4.71874997019767761230468750000000000E-0002
  -1.13249999284744262695312500000000000         2.35937498509883880615234375000000000E-0002
  -1.10890624299645423889160156250000000         2.35937498509883880615234375000000000E-0002
  -1.08531249314546585083007812500000000         2.35937498509883880615234375000000000E-0002
  -1.06171874329447746276855468750000000         2.35937498509883880615234375000000000E-0002
  -1.03812499344348907470703125000000000         4.71874997019767761230468750000000000E-0002
 -0.990937493741512298583984375000000000         4.71874997019767761230468750000000000E-0002
 -0.943749994039535522460937500000000000         4.71874997019767761230468750000000000E-0002
 -0.896562494337558746337890625000000000         4.71874997019767761230468750000000000E-0002
 -0.849374994635581970214843750000000000         4.71874997019767761230468750000000000E-0002
 -0.802187494933605194091796875000000000         4.71874997019767761230468750000000000E-0002
 -0.754999995231628417968750000000000000         9.43749994039535522460937500000000000E-0002
 -0.660624995827674865722656250000000000         4.71874997019767761230468750000000000E-0002
 -0.613437496125698089599609375000000000         4.71874997019767761230468750000000000E-0002
 -0.566249996423721313476562500000000000         4.71874997019767761230468750000000000E-0002
 -0.519062496721744537353515625000000000         4.71874997019767761230468750000000000E-0002
 -0.471874997019767761230468750000000000         9.43749994039535522460937500000000000E-0002
 -0.377499997615814208984375000000000000         9.43749994039535522460937500000000000E-0002
 -0.283124998211860656738281250000000000         9.43749994039535522460937500000000000E-0002
 -0.188749998807907104492187500000000000         9.43749994039535522460937500000000000E-0002
  -9.43749994039535522460937500000000000E-0002   9.43749994039535522460937500000000000E-0002
   0.00000000000000000000000000000000000         9.43749994039535522460937500000000000E-0002
   9.43749994039535522460937500000000000E-0002   9.43749994039535522460937500000000000E-0002
  0.188749998807907104492187500000000000         9.43749994039535522460937500000000000E-0002
  0.283124998211860656738281250000000000         9.43749994039535522460937500000000000E-0002
  0.377499997615814208984375000000000000         9.43749994039535522460937500000000000E-0002
  0.471874997019767761230468750000000000         9.43749994039535522460937500000000000E-0002
  0.566249996423721313476562500000000000         9.43749994039535522460937500000000000E-0002
  0.660624995827674865722656250000000000         9.43749994039535522460937500000000000E-0002
  0.754999995231628417968750000000000000         4.71874997019767761230468750000000000E-0002
  0.802187494933605194091796875000000000         4.71874997019767761230468750000000000E-0002
  0.849374994635581970214843750000000000         4.71874997019767761230468750000000000E-0002
  0.896562494337558746337890625000000000         4.71874997019767761230468750000000000E-0002
  0.943749994039535522460937500000000000         4.71874997019767761230468750000000000E-0002
  0.990937493741512298583984375000000000         4.71874997019767761230468750000000000E-0002
   1.03812499344348907470703125000000000         4.71874997019767761230468750000000000E-0002
   1.08531249314546585083007812500000000         4.71874997019767761230468750000000000E-0002
   1.13249999284744262695312500000000000         4.71874997019767761230468750000000000E-0002
   1.17968749254941940307617187500000000         4.71874997019767761230468750000000000E-0002
   1.22687499225139617919921875000000000         2.35937498509883880615234375000000000E-0002
   1.25046874210238456726074218750000000         2.35937498509883880615234375000000000E-0002
   1.27406249195337295532226562500000000         2.35937498509883880615234375000000000E-0002
   1.29765624180436134338378906250000000         2.35937498509883880615234375000000000E-0002
   1.32124999165534973144531250000000000         2.35937498509883880615234375000000000E-0002
   1.34484374150633811950683593750000000         2.35937498509883880615234375000000000E-0002
   1.36843749135732650756835937500000000         2.35937498509883880615234375000000000E-0002
   1.39203124120831489562988281250000000         2.35937498509883880615234375000000000E-0002
   1.41562499105930328369140625000000000         2.35937498509883880615234375000000000E-0002
   1.43921874091029167175292968750000000         2.35937498509883880615234375000000000E-0002
   1.46281249076128005981445312500000000         2.35937498509883880615234375000000000E-0002
   1.48640624061226844787597656250000000         2.35937498509883880615234375000000000E-0002
