           7   1.00000000000000000000000000000000005E-0001
           9   1.00000000000000000000000000000000002E-0002
          11   9.99999999999999999999999999999999943E-0004
          23   9.99999999999999999999999999999999966E-0005
          27   9.99999999999999999999999999999999966E-0006
          59   9.99999999999999999999999999999999930E-0007
          87   9.99999999999999999999999999999999976E-0008
         127   1.00000000000000000000000000000000000E-0008
         217   9.99999999999999999999999999999999932E-0010
         341   9.99999999999999999999999999999999932E-0011
         501   9.99999999999999999999999999999999904E-0012
         869   9.99999999999999999999999999999999904E-0013
        1359   9.99999999999999999999999999999999904E-0014
        1987   9.99999999999999999999999999999999850E-0015
        3473   9.99999999999999999999999999999999815E-0016
        5375   9.99999999999999999999999999999999858E-0017
