          25   1.00000000000000000000000000000000005E-0001
          29   1.00000000000000000000000000000000002E-0002
          31   9.99999999999999999999999999999999943E-0004
          33   9.99999999999999999999999999999999966E-0005
          47   9.99999999999999999999999999999999966E-0006
          47   9.99999999999999999999999999999999930E-0007
          73   9.99999999999999999999999999999999976E-0008
         102   1.00000000000000000000000000000000000E-0008
         137   9.99999999999999999999999999999999932E-0010
         199   9.99999999999999999999999999999999932E-0011
         315   9.99999999999999999999999999999999904E-0012
         505   9.99999999999999999999999999999999904E-0013
         779   9.99999999999999999999999999999999904E-0014
        1213   9.99999999999999999999999999999999850E-0015
        1929   9.99999999999999999999999999999999815E-0016
        3013   9.99999999999999999999999999999999858E-0017
