   1.00000000000000000000000000000000000        0.381465911865234375000000000000000000      
   1.38146591186523437500000000000000000        0.190732955932617187500000000000000000      
   1.57219886779785156250000000000000000         9.53664779663085937500000000000000000E-0002
   1.66756534576416015625000000000000000         4.76832389831542968750000000000000000E-0002
   1.71524858474731445312500000000000000         2.38416194915771484375000000000000000E-0002
   1.73909020423889160156250000000000000         2.38416194915771484375000000000000000E-0002
   1.76293182373046875000000000000000000         2.38416194915771484375000000000000000E-0002
   1.78677344322204589843750000000000000         1.19208097457885742187500000000000000E-0002
   1.79869425296783447265625000000000000         5.96040487289428710937500000000000000E-0003
   1.80465465784072875976562500000000000         5.96040487289428710937500000000000000E-0003
   1.81061506271362304687500000000000000         1.19208097457885742187500000000000000E-0002
   1.82253587245941162109375000000000000         1.19208097457885742187500000000000000E-0002
   1.83445668220520019531250000000000000         5.96040487289428710937500000000000000E-0003
   1.84041708707809448242187500000000000         5.96040487289428710937500000000000000E-0003
   1.84637749195098876953125000000000000         2.98020243644714355468750000000000000E-0003
   1.84935769438743591308593750000000000         2.98020243644714355468750000000000000E-0003
   1.85233789682388305664062500000000000         5.96040487289428710937500000000000000E-0003
   1.85829830169677734375000000000000000         1.49010121822357177734375000000000000E-0003
   1.85978840291500091552734375000000000         1.49010121822357177734375000000000000E-0003
   1.86127850413322448730468750000000000         1.49010121822357177734375000000000000E-0003
   1.86276860535144805908203125000000000         1.49010121822357177734375000000000000E-0003
   1.86425870656967163085937500000000000         2.98020243644714355468750000000000000E-0003
   1.86723890900611877441406250000000000         2.98020243644714355468750000000000000E-0003
   1.87021911144256591796875000000000000         2.98020243644714355468750000000000000E-0003
   1.87319931387901306152343750000000000         2.98020243644714355468750000000000000E-0003
   1.87617951631546020507812500000000000         5.96040487289428710937500000000000000E-0003
   1.88213992118835449218750000000000000         2.98020243644714355468750000000000000E-0003
   1.88512012362480163574218750000000000         2.98020243644714355468750000000000000E-0003
   1.88810032606124877929687500000000000         2.98020243644714355468750000000000000E-0003
   1.89108052849769592285156250000000000         1.49010121822357177734375000000000000E-0003
   1.89257062971591949462890625000000000         1.49010121822357177734375000000000000E-0003
   1.89406073093414306640625000000000000         2.98020243644714355468750000000000000E-0003
   1.89704093337059020996093750000000000         2.98020243644714355468750000000000000E-0003
   1.90002113580703735351562500000000000         5.96040487289428710937500000000000000E-0003
   1.90598154067993164062500000000000000         4.76832389831542968750000000000000000E-0002
   1.95366477966308593750000000000000000         5.96040487289428710937500000000000000E-0003
   1.95962518453598022460937500000000000         2.98020243644714355468750000000000000E-0003
   1.96260538697242736816406250000000000         1.49010121822357177734375000000000000E-0003
   1.96409548819065093994140625000000000         1.49010121822357177734375000000000000E-0003
   1.96558558940887451171875000000000000         2.98020243644714355468750000000000000E-0003
   1.96856579184532165527343750000000000         1.49010121822357177734375000000000000E-0003
   1.97005589306354522705078125000000000         1.49010121822357177734375000000000000E-0003
   1.97154599428176879882812500000000000         5.96040487289428710937500000000000000E-0003
   1.97750639915466308593750000000000000         1.19208097457885742187500000000000000E-0002
   1.98942720890045166015625000000000000         2.98020243644714355468750000000000000E-0003
   1.99240741133689880371093750000000000         2.98020243644714355468750000000000000E-0003
   1.99538761377334594726562500000000000         1.49010121822357177734375000000000000E-0003
   1.99687771499156951904296875000000000         1.49010121822357177734375000000000000E-0003
   1.99836781620979309082031250000000000         1.49010121822357177734375000000000000E-0003
   1.99985791742801666259765625000000000         1.49010121822357177734375000000000000E-0003
   2.00134801864624023437500000000000000         2.98020243644714355468750000000000000E-0003
   2.00432822108268737792968750000000000         1.49010121822357177734375000000000000E-0003
   2.00581832230091094970703125000000000         1.49010121822357177734375000000000000E-0003
   2.00730842351913452148437500000000000         1.49010121822357177734375000000000000E-0003
   2.00879852473735809326171875000000000         1.49010121822357177734375000000000000E-0003
   2.01028862595558166503906250000000000         2.98020243644714355468750000000000000E-0003
   2.01326882839202880859375000000000000         5.96040487289428710937500000000000000E-0003
   2.01922923326492309570312500000000000         2.98020243644714355468750000000000000E-0003
   2.02220943570137023925781250000000000         2.98020243644714355468750000000000000E-0003
   2.02518963813781738281250000000000000         5.96040487289428710937500000000000000E-0003
   2.03115004301071166992187500000000000         5.96040487289428710937500000000000000E-0003
   2.03711044788360595703125000000000000         2.98020243644714355468750000000000000E-0003
   2.04009065032005310058593750000000000         1.49010121822357177734375000000000000E-0003
   2.04158075153827667236328125000000000         1.49010121822357177734375000000000000E-0003
   2.04307085275650024414062500000000000         2.98020243644714355468750000000000000E-0003
   2.04605105519294738769531250000000000         1.49010121822357177734375000000000000E-0003
   2.04754115641117095947265625000000000         1.49010121822357177734375000000000000E-0003
   2.04903125762939453125000000000000000         4.76832389831542968750000000000000000E-0002
   2.09671449661254882812500000000000000         5.96040487289428710937500000000000000E-0003
   2.10267490148544311523437500000000000         1.49010121822357177734375000000000000E-0003
   2.10416500270366668701171875000000000         1.49010121822357177734375000000000000E-0003
   2.10565510392189025878906250000000000         2.98020243644714355468750000000000000E-0003
   2.10863530635833740234375000000000000         1.49010121822357177734375000000000000E-0003
   2.11012540757656097412109375000000000         1.49010121822357177734375000000000000E-0003
   2.11161550879478454589843750000000000         2.98020243644714355468750000000000000E-0003
   2.11459571123123168945312500000000000         5.96040487289428710937500000000000000E-0003
   2.12055611610412597656250000000000000         2.38416194915771484375000000000000000E-0002
   2.14439773559570312500000000000000000         2.98020243644714355468750000000000000E-0003
   2.14737793803215026855468750000000000         2.98020243644714355468750000000000000E-0003
   2.15035814046859741210937500000000000         1.49010121822357177734375000000000000E-0003
   2.15184824168682098388671875000000000         1.49010121822357177734375000000000000E-0003
   2.15333834290504455566406250000000000         1.49010121822357177734375000000000000E-0003
   2.15482844412326812744140625000000000         1.49010121822357177734375000000000000E-0003
   2.15631854534149169921875000000000000         1.49010121822357177734375000000000000E-0003
   2.15780864655971527099609375000000000         1.49010121822357177734375000000000000E-0003
   2.15929874777793884277343750000000000         1.49010121822357177734375000000000000E-0003
   2.16078884899616241455078125000000000         1.49010121822357177734375000000000000E-0003
   2.16227895021438598632812500000000000         2.98020243644714355468750000000000000E-0003
   2.16525915265083312988281250000000000         2.98020243644714355468750000000000000E-0003
   2.16823935508728027343750000000000000         1.19208097457885742187500000000000000E-0002
   2.18016016483306884765625000000000000         5.96040487289428710937500000000000000E-0003
   2.18612056970596313476562500000000000         2.98020243644714355468750000000000000E-0003
   2.18910077214241027832031250000000000         2.98020243644714355468750000000000000E-0003
   2.19208097457885742187500000000000000         1.19208097457885742187500000000000000E-0002
   2.20400178432464599609375000000000000         2.98020243644714355468750000000000000E-0003
   2.20698198676109313964843750000000000         2.98020243644714355468750000000000000E-0003
   2.20996218919754028320312500000000000         5.96040487289428710937500000000000000E-0003
   2.21592259407043457031250000000000000         2.38416194915771484375000000000000000E-0002
   2.23976421356201171875000000000000000         2.98020243644714355468750000000000000E-0003
   2.24274441599845886230468750000000000         2.98020243644714355468750000000000000E-0003
   2.24572461843490600585937500000000000         5.96040487289428710937500000000000000E-0003
   2.25168502330780029296875000000000000         1.19208097457885742187500000000000000E-0002
   2.26360583305358886718750000000000000         2.98020243644714355468750000000000000E-0003
   2.26658603549003601074218750000000000         2.98020243644714355468750000000000000E-0003
   2.26956623792648315429687500000000000         2.98020243644714355468750000000000000E-0003
   2.27254644036293029785156250000000000         2.98020243644714355468750000000000000E-0003
   2.27552664279937744140625000000000000         5.96040487289428710937500000000000000E-0003
   2.28148704767227172851562500000000000         1.49010121822357177734375000000000000E-0003
   2.28297714889049530029296875000000000         1.49010121822357177734375000000000000E-0003
   2.28446725010871887207031250000000000         2.98020243644714355468750000000000000E-0003
   2.28744745254516601562500000000000000         1.49010121822357177734375000000000000E-0003
   2.28893755376338958740234375000000000         1.49010121822357177734375000000000000E-0003
   2.29042765498161315917968750000000000         2.98020243644714355468750000000000000E-0003
   2.29340785741806030273437500000000000         5.96040487289428710937500000000000000E-0003
   2.29936826229095458984375000000000000         1.19208097457885742187500000000000000E-0002
   2.31128907203674316406250000000000000         1.19208097457885742187500000000000000E-0002
   2.32320988178253173828125000000000000         2.98020243644714355468750000000000000E-0003
   2.32619008421897888183593750000000000         2.98020243644714355468750000000000000E-0003
   2.32917028665542602539062500000000000         2.98020243644714355468750000000000000E-0003
   2.33215048909187316894531250000000000         2.98020243644714355468750000000000000E-0003
   2.33513069152832031250000000000000000         1.49010121822357177734375000000000000E-0003
   2.33662079274654388427734375000000000         1.49010121822357177734375000000000000E-0003
   2.33811089396476745605468750000000000         2.98020243644714355468750000000000000E-0003
   2.34109109640121459960937500000000000         2.98020243644714355468750000000000000E-0003
   2.34407129883766174316406250000000000         2.98020243644714355468750000000000000E-0003
   2.34705150127410888671875000000000000         1.19208097457885742187500000000000000E-0002
   2.35897231101989746093750000000000000         5.96040487289428710937500000000000000E-0003
   2.36493271589279174804687500000000000         5.96040487289428710937500000000000000E-0003
   2.37089312076568603515625000000000000         2.98020243644714355468750000000000000E-0003
   2.37387332320213317871093750000000000         2.98020243644714355468750000000000000E-0003
   2.37685352563858032226562500000000000         2.98020243644714355468750000000000000E-0003
   2.37983372807502746582031250000000000         2.98020243644714355468750000000000000E-0003
   2.38281393051147460937500000000000000         1.19208097457885742187500000000000000E-0002
   2.39473474025726318359375000000000000         5.96040487289428710937500000000000000E-0003
   2.40069514513015747070312500000000000         2.98020243644714355468750000000000000E-0003
   2.40367534756660461425781250000000000         1.49010121822357177734375000000000000E-0003
   2.40516544878482818603515625000000000         1.49010121822357177734375000000000000E-0003
   2.40665555000305175781250000000000000         1.19208097457885742187500000000000000E-0002
   2.41857635974884033203125000000000000         5.96040487289428710937500000000000000E-0003
   2.42453676462173461914062500000000000         2.98020243644714355468750000000000000E-0003
   2.42751696705818176269531250000000000         2.98020243644714355468750000000000000E-0003
   2.43049716949462890625000000000000000         1.19208097457885742187500000000000000E-0002
   2.44241797924041748046875000000000000         5.96040487289428710937500000000000000E-0003
   2.44837838411331176757812500000000000         2.98020243644714355468750000000000000E-0003
   2.45135858654975891113281250000000000         2.98020243644714355468750000000000000E-0003
   2.45433878898620605468750000000000000         2.98020243644714355468750000000000000E-0003
   2.45731899142265319824218750000000000         1.49010121822357177734375000000000000E-0003
   2.45880909264087677001953125000000000         1.49010121822357177734375000000000000E-0003
   2.46029919385910034179687500000000000         2.98020243644714355468750000000000000E-0003
   2.46327939629554748535156250000000000         2.98020243644714355468750000000000000E-0003
   2.46625959873199462890625000000000000         2.98020243644714355468750000000000000E-0003
   2.46923980116844177246093750000000000         1.49010121822357177734375000000000000E-0003
   2.47072990238666534423828125000000000         1.49010121822357177734375000000000000E-0003
   2.47222000360488891601562500000000000         5.96040487289428710937500000000000000E-0003
   2.47818040847778320312500000000000000         5.96040487289428710937500000000000000E-0003
   2.48414081335067749023437500000000000         2.98020243644714355468750000000000000E-0003
   2.48712101578712463378906250000000000         2.98020243644714355468750000000000000E-0003
   2.49010121822357177734375000000000000         5.96040487289428710937500000000000000E-0003
   2.49606162309646606445312500000000000         5.96040487289428710937500000000000000E-0003
   2.50202202796936035156250000000000000         1.19208097457885742187500000000000000E-0002
   2.51394283771514892578125000000000000         1.19208097457885742187500000000000000E-0002
   2.52586364746093750000000000000000000        0.762931823730468750000000000000000000      
   3.28879547119140625000000000000000000         9.53664779663085937500000000000000000E-0002
   3.38416194915771484375000000000000000         1.19208097457885742187500000000000000E-0002
   3.39608275890350341796875000000000000         5.96040487289428710937500000000000000E-0003
   3.40204316377639770507812500000000000         5.96040487289428710937500000000000000E-0003
   3.40800356864929199218750000000000000         1.19208097457885742187500000000000000E-0002
   3.41992437839508056640625000000000000         1.19208097457885742187500000000000000E-0002
   3.43184518814086914062500000000000000         2.98020243644714355468750000000000000E-0003
   3.43482539057731628417968750000000000         2.98020243644714355468750000000000000E-0003
   3.43780559301376342773437500000000000         5.96040487289428710937500000000000000E-0003
   3.44376599788665771484375000000000000         5.96040487289428710937500000000000000E-0003
   3.44972640275955200195312500000000000         5.96040487289428710937500000000000000E-0003
   3.45568680763244628906250000000000000         1.19208097457885742187500000000000000E-0002
   3.46760761737823486328125000000000000         1.19208097457885742187500000000000000E-0002
   3.47952842712402343750000000000000000         1.19208097457885742187500000000000000E-0002
   3.49144923686981201171875000000000000         5.96040487289428710937500000000000000E-0003
   3.49740964174270629882812500000000000         5.96040487289428710937500000000000000E-0003
   3.50337004661560058593750000000000000         1.19208097457885742187500000000000000E-0002
   3.51529085636138916015625000000000000         5.96040487289428710937500000000000000E-0003
   3.52125126123428344726562500000000000         5.96040487289428710937500000000000000E-0003
   3.52721166610717773437500000000000000         2.98020243644714355468750000000000000E-0003
   3.53019186854362487792968750000000000         2.98020243644714355468750000000000000E-0003
   3.53317207098007202148437500000000000         5.96040487289428710937500000000000000E-0003
   3.53913247585296630859375000000000000         1.19208097457885742187500000000000000E-0002
   3.55105328559875488281250000000000000         2.38416194915771484375000000000000000E-0002
   3.57489490509033203125000000000000000         2.38416194915771484375000000000000000E-0002
   3.59873652458190917968750000000000000         1.19208097457885742187500000000000000E-0002
   3.61065733432769775390625000000000000         1.19208097457885742187500000000000000E-0002
   3.62257814407348632812500000000000000         4.76832389831542968750000000000000000E-0002
   3.67026138305664062500000000000000000         1.19208097457885742187500000000000000E-0002
   3.68218219280242919921875000000000000         5.96040487289428710937500000000000000E-0003
   3.68814259767532348632812500000000000         5.96040487289428710937500000000000000E-0003
   3.69410300254821777343750000000000000         5.96040487289428710937500000000000000E-0003
   3.70006340742111206054687500000000000         5.96040487289428710937500000000000000E-0003
   3.70602381229400634765625000000000000         5.96040487289428710937500000000000000E-0003
   3.71198421716690063476562500000000000         5.96040487289428710937500000000000000E-0003
   3.71794462203979492187500000000000000         1.19208097457885742187500000000000000E-0002
   3.72986543178558349609375000000000000         1.19208097457885742187500000000000000E-0002
   3.74178624153137207031250000000000000         5.96040487289428710937500000000000000E-0003
   3.74774664640426635742187500000000000         5.96040487289428710937500000000000000E-0003
   3.75370705127716064453125000000000000         1.19208097457885742187500000000000000E-0002
   3.76562786102294921875000000000000000         2.38416194915771484375000000000000000E-0002
   3.78946948051452636718750000000000000         5.96040487289428710937500000000000000E-0003
   3.79542988538742065429687500000000000         2.98020243644714355468750000000000000E-0003
   3.79841008782386779785156250000000000         2.98020243644714355468750000000000000E-0003
   3.80139029026031494140625000000000000         5.96040487289428710937500000000000000E-0003
   3.80735069513320922851562500000000000         5.96040487289428710937500000000000000E-0003
   3.81331110000610351562500000000000000         5.96040487289428710937500000000000000E-0003
   3.81927150487899780273437500000000000         2.98020243644714355468750000000000000E-0003
   3.82225170731544494628906250000000000         2.98020243644714355468750000000000000E-0003
   3.82523190975189208984375000000000000         1.19208097457885742187500000000000000E-0002
   3.83715271949768066406250000000000000         1.19208097457885742187500000000000000E-0002
   3.84907352924346923828125000000000000         1.19208097457885742187500000000000000E-0002
   3.86099433898925781250000000000000000         1.19208097457885742187500000000000000E-0002
   3.87291514873504638671875000000000000         5.96040487289428710937500000000000000E-0003
   3.87887555360794067382812500000000000         2.98020243644714355468750000000000000E-0003
   3.88185575604438781738281250000000000         2.98020243644714355468750000000000000E-0003
   3.88483595848083496093750000000000000         1.19208097457885742187500000000000000E-0002
   3.89675676822662353515625000000000000         2.98020243644714355468750000000000000E-0003
   3.89973697066307067871093750000000000         2.98020243644714355468750000000000000E-0003
   3.90271717309951782226562500000000000         5.96040487289428710937500000000000000E-0003
   3.90867757797241210937500000000000000         1.19208097457885742187500000000000000E-0002
   3.92059838771820068359375000000000000         5.96040487289428710937500000000000000E-0003
   3.92655879259109497070312500000000000         2.98020243644714355468750000000000000E-0003
   3.92953899502754211425781250000000000         2.98020243644714355468750000000000000E-0003
   3.93251919746398925781250000000000000         5.96040487289428710937500000000000000E-0003
   3.93847960233688354492187500000000000         5.96040487289428710937500000000000000E-0003
   3.94444000720977783203125000000000000         5.96040487289428710937500000000000000E-0003
   3.95040041208267211914062500000000000         2.98020243644714355468750000000000000E-0003
   3.95338061451911926269531250000000000         2.98020243644714355468750000000000000E-0003
   3.95636081695556640625000000000000000         1.19208097457885742187500000000000000E-0002
   3.96828162670135498046875000000000000         1.19208097457885742187500000000000000E-0002
   3.98020243644714355468750000000000000         1.19208097457885742187500000000000000E-0002
   3.99212324619293212890625000000000000         5.96040487289428710937500000000000000E-0003
   3.99808365106582641601562500000000000         2.98020243644714355468750000000000000E-0003
   4.00106385350227355957031250000000000         2.98020243644714355468750000000000000E-0003
   4.00404405593872070312500000000000000         5.96040487289428710937500000000000000E-0003
   4.01000446081161499023437500000000000         5.96040487289428710937500000000000000E-0003
   4.01596486568450927734375000000000000         5.96040487289428710937500000000000000E-0003
   4.02192527055740356445312500000000000         2.98020243644714355468750000000000000E-0003
   4.02490547299385070800781250000000000         2.98020243644714355468750000000000000E-0003
   4.02788567543029785156250000000000000         2.98020243644714355468750000000000000E-0003
   4.03086587786674499511718750000000000         2.98020243644714355468750000000000000E-0003
   4.03384608030319213867187500000000000         2.98020243644714355468750000000000000E-0003
   4.03682628273963928222656250000000000         2.98020243644714355468750000000000000E-0003
   4.03980648517608642578125000000000000         5.96040487289428710937500000000000000E-0003
   4.04576689004898071289062500000000000         5.96040487289428710937500000000000000E-0003
   4.05172729492187500000000000000000000         2.98020243644714355468750000000000000E-0003
   4.05470749735832214355468750000000000         2.98020243644714355468750000000000000E-0003
   4.05768769979476928710937500000000000         2.98020243644714355468750000000000000E-0003
   4.06066790223121643066406250000000000         2.98020243644714355468750000000000000E-0003
   4.06364810466766357421875000000000000         5.96040487289428710937500000000000000E-0003
   4.06960850954055786132812500000000000         5.96040487289428710937500000000000000E-0003
   4.07556891441345214843750000000000000         1.19208097457885742187500000000000000E-0002
   4.08748972415924072265625000000000000         5.96040487289428710937500000000000000E-0003
   4.09345012903213500976562500000000000         2.98020243644714355468750000000000000E-0003
   4.09643033146858215332031250000000000         2.98020243644714355468750000000000000E-0003
   4.09941053390502929687500000000000000         1.19208097457885742187500000000000000E-0002
   4.11133134365081787109375000000000000         5.96040487289428710937500000000000000E-0003
   4.11729174852371215820312500000000000         5.96040487289428710937500000000000000E-0003
   4.12325215339660644531250000000000000         5.96040487289428710937500000000000000E-0003
   4.12921255826950073242187500000000000         5.96040487289428710937500000000000000E-0003
   4.13517296314239501953125000000000000         5.96040487289428710937500000000000000E-0003
   4.14113336801528930664062500000000000         5.96040487289428710937500000000000000E-0003
   4.14709377288818359375000000000000000         2.38416194915771484375000000000000000E-0002
   4.17093539237976074218750000000000000         2.38416194915771484375000000000000000E-0002
   4.19477701187133789062500000000000000         1.19208097457885742187500000000000000E-0002
   4.20669782161712646484375000000000000         1.19208097457885742187500000000000000E-0002
   4.21861863136291503906250000000000000         2.38416194915771484375000000000000000E-0002
   4.24246025085449218750000000000000000         2.38416194915771484375000000000000000E-0002
   4.26630187034606933593750000000000000         5.96040487289428710937500000000000000E-0003
   4.27226227521896362304687500000000000         5.96040487289428710937500000000000000E-0003
   4.27822268009185791015625000000000000         1.19208097457885742187500000000000000E-0002
   4.29014348983764648437500000000000000         4.76832389831542968750000000000000000E-0002
   4.33782672882080078125000000000000000         2.38416194915771484375000000000000000E-0002
   4.36166834831237792968750000000000000         2.38416194915771484375000000000000000E-0002
   4.38550996780395507812500000000000000         1.19208097457885742187500000000000000E-0002
   4.39743077754974365234375000000000000         1.19208097457885742187500000000000000E-0002
   4.40935158729553222656250000000000000         2.38416194915771484375000000000000000E-0002
   4.43319320678710937500000000000000000         5.96040487289428710937500000000000000E-0003
   4.43915361166000366210937500000000000         5.96040487289428710937500000000000000E-0003
   4.44511401653289794921875000000000000         5.96040487289428710937500000000000000E-0003
   4.45107442140579223632812500000000000         5.96040487289428710937500000000000000E-0003
   4.45703482627868652343750000000000000         2.38416194915771484375000000000000000E-0002
   4.48087644577026367187500000000000000         2.38416194915771484375000000000000000E-0002
   4.50471806526184082031250000000000000         2.38416194915771484375000000000000000E-0002
   4.52855968475341796875000000000000000         4.76832389831542968750000000000000000E-0002
   4.57624292373657226562500000000000000         4.76832389831542968750000000000000000E-0002
   4.62392616271972656250000000000000000         2.38416194915771484375000000000000000E-0002
   4.64776778221130371093750000000000000         5.96040487289428710937500000000000000E-0003
   4.65372818708419799804687500000000000         5.96040487289428710937500000000000000E-0003
   4.65968859195709228515625000000000000         1.19208097457885742187500000000000000E-0002
   4.67160940170288085937500000000000000         1.19208097457885742187500000000000000E-0002
   4.68353021144866943359375000000000000         1.19208097457885742187500000000000000E-0002
   4.69545102119445800781250000000000000         2.38416194915771484375000000000000000E-0002
   4.71929264068603515625000000000000000         5.96040487289428710937500000000000000E-0003
   4.72525304555892944335937500000000000         5.96040487289428710937500000000000000E-0003
   4.73121345043182373046875000000000000         5.96040487289428710937500000000000000E-0003
   4.73717385530471801757812500000000000         5.96040487289428710937500000000000000E-0003
   4.74313426017761230468750000000000000         2.98020243644714355468750000000000000E-0003
   4.74611446261405944824218750000000000         2.98020243644714355468750000000000000E-0003
   4.74909466505050659179687500000000000         5.96040487289428710937500000000000000E-0003
   4.75505506992340087890625000000000000         1.19208097457885742187500000000000000E-0002
   4.76697587966918945312500000000000000         1.19208097457885742187500000000000000E-0002
   4.77889668941497802734375000000000000         5.96040487289428710937500000000000000E-0003
   4.78485709428787231445312500000000000         5.96040487289428710937500000000000000E-0003
   4.79081749916076660156250000000000000         1.19208097457885742187500000000000000E-0002
   4.80273830890655517578125000000000000         5.96040487289428710937500000000000000E-0003
   4.80869871377944946289062500000000000         5.96040487289428710937500000000000000E-0003
   4.81465911865234375000000000000000000         1.19208097457885742187500000000000000E-0002
   4.82657992839813232421875000000000000         5.96040487289428710937500000000000000E-0003
   4.83254033327102661132812500000000000         2.98020243644714355468750000000000000E-0003
   4.83552053570747375488281250000000000         2.98020243644714355468750000000000000E-0003
   4.83850073814392089843750000000000000         5.96040487289428710937500000000000000E-0003
   4.84446114301681518554687500000000000         5.96040487289428710937500000000000000E-0003
   4.85042154788970947265625000000000000         5.96040487289428710937500000000000000E-0003
   4.85638195276260375976562500000000000         5.96040487289428710937500000000000000E-0003
   4.86234235763549804687500000000000000         2.38416194915771484375000000000000000E-0002
   4.88618397712707519531250000000000000         1.19208097457885742187500000000000000E-0002
   4.89810478687286376953125000000000000         1.19208097457885742187500000000000000E-0002
   4.91002559661865234375000000000000000         2.38416194915771484375000000000000000E-0002
   4.93386721611022949218750000000000000         1.19208097457885742187500000000000000E-0002
   4.94578802585601806640625000000000000         1.19208097457885742187500000000000000E-0002
   4.95770883560180664062500000000000000         5.96040487289428710937500000000000000E-0003
   4.96366924047470092773437500000000000         5.96040487289428710937500000000000000E-0003
   4.96962964534759521484375000000000000         5.96040487289428710937500000000000000E-0003
   4.97559005022048950195312500000000000         5.96040487289428710937500000000000000E-0003
   4.98155045509338378906250000000000000         2.38416194915771484375000000000000000E-0002
   5.00539207458496093750000000000000000         5.96040487289428710937500000000000000E-0003
   5.01135247945785522460937500000000000         5.96040487289428710937500000000000000E-0003
   5.01731288433074951171875000000000000         1.19208097457885742187500000000000000E-0002
   5.02923369407653808593750000000000000         1.19208097457885742187500000000000000E-0002
   5.04115450382232666015625000000000000         1.19208097457885742187500000000000000E-0002
   5.05307531356811523437500000000000000         2.38416194915771484375000000000000000E-0002
   5.07691693305969238281250000000000000         1.19208097457885742187500000000000000E-0002
   5.08883774280548095703125000000000000         5.96040487289428710937500000000000000E-0003
   5.09479814767837524414062500000000000         5.96040487289428710937500000000000000E-0003
   5.10075855255126953125000000000000000         5.96040487289428710937500000000000000E-0003
   5.10671895742416381835937500000000000         5.96040487289428710937500000000000000E-0003
   5.11267936229705810546875000000000000         1.19208097457885742187500000000000000E-0002
   5.12460017204284667968750000000000000         2.38416194915771484375000000000000000E-0002
   5.14844179153442382812500000000000000         4.76832389831542968750000000000000000E-0002
   5.19612503051757812500000000000000000         5.96040487289428710937500000000000000E-0003
   5.20208543539047241210937500000000000         2.98020243644714355468750000000000000E-0003
   5.20506563782691955566406250000000000         2.98020243644714355468750000000000000E-0003
   5.20804584026336669921875000000000000         5.96040487289428710937500000000000000E-0003
   5.21400624513626098632812500000000000         5.96040487289428710937500000000000000E-0003
   5.21996665000915527343750000000000000         5.96040487289428710937500000000000000E-0003
   5.22592705488204956054687500000000000         5.96040487289428710937500000000000000E-0003
   5.23188745975494384765625000000000000         1.19208097457885742187500000000000000E-0002
   5.24380826950073242187500000000000000         1.19208097457885742187500000000000000E-0002
   5.25572907924652099609375000000000000         1.19208097457885742187500000000000000E-0002
   5.26764988899230957031250000000000000         5.96040487289428710937500000000000000E-0003
   5.27361029386520385742187500000000000         5.96040487289428710937500000000000000E-0003
   5.27957069873809814453125000000000000         1.19208097457885742187500000000000000E-0002
   5.29149150848388671875000000000000000         1.19208097457885742187500000000000000E-0002
   5.30341231822967529296875000000000000         1.19208097457885742187500000000000000E-0002
   5.31533312797546386718750000000000000         1.19208097457885742187500000000000000E-0002
   5.32725393772125244140625000000000000         5.96040487289428710937500000000000000E-0003
   5.33321434259414672851562500000000000         5.96040487289428710937500000000000000E-0003
   5.33917474746704101562500000000000000         5.96040487289428710937500000000000000E-0003
   5.34513515233993530273437500000000000         5.96040487289428710937500000000000000E-0003
   5.35109555721282958984375000000000000         1.19208097457885742187500000000000000E-0002
   5.36301636695861816406250000000000000         5.96040487289428710937500000000000000E-0003
   5.36897677183151245117187500000000000         5.96040487289428710937500000000000000E-0003
   5.37493717670440673828125000000000000         1.19208097457885742187500000000000000E-0002
   5.38685798645019531250000000000000000         5.96040487289428710937500000000000000E-0003
   5.39281839132308959960937500000000000         5.96040487289428710937500000000000000E-0003
   5.39877879619598388671875000000000000         1.19208097457885742187500000000000000E-0002
   5.41069960594177246093750000000000000         2.38416194915771484375000000000000000E-0002
   5.43454122543334960937500000000000000         1.19208097457885742187500000000000000E-0002
   5.44646203517913818359375000000000000         1.19208097457885742187500000000000000E-0002
   5.45838284492492675781250000000000000         2.38416194915771484375000000000000000E-0002
   5.48222446441650390625000000000000000         1.19208097457885742187500000000000000E-0002
   5.49414527416229248046875000000000000         5.96040487289428710937500000000000000E-0003
   5.50010567903518676757812500000000000         2.98020243644714355468750000000000000E-0003
   5.50308588147163391113281250000000000         2.98020243644714355468750000000000000E-0003
   5.50606608390808105468750000000000000         2.38416194915771484375000000000000000E-0002
   5.52990770339965820312500000000000000         2.38416194915771484375000000000000000E-0002
   5.55374932289123535156250000000000000         1.19208097457885742187500000000000000E-0002
   5.56567013263702392578125000000000000         1.19208097457885742187500000000000000E-0002
   5.57759094238281250000000000000000000         1.52586364746093750000000000000000000      
   7.10345458984375000000000000000000000        0.190732955932617187500000000000000000      
   7.29418754577636718750000000000000000         4.76832389831542968750000000000000000E-0002
   7.34187078475952148437500000000000000         2.38416194915771484375000000000000000E-0002
   7.36571240425109863281250000000000000         2.38416194915771484375000000000000000E-0002
   7.38955402374267578125000000000000000         2.38416194915771484375000000000000000E-0002
   7.41339564323425292968750000000000000         2.38416194915771484375000000000000000E-0002
   7.43723726272583007812500000000000000         4.76832389831542968750000000000000000E-0002
   7.48492050170898437500000000000000000         2.38416194915771484375000000000000000E-0002
   7.50876212120056152343750000000000000         2.38416194915771484375000000000000000E-0002
   7.53260374069213867187500000000000000         4.76832389831542968750000000000000000E-0002
   7.58028697967529296875000000000000000         5.96040487289428710937500000000000000E-0003
   7.58624738454818725585937500000000000         5.96040487289428710937500000000000000E-0003
   7.59220778942108154296875000000000000         1.19208097457885742187500000000000000E-0002
   7.60412859916687011718750000000000000         2.38416194915771484375000000000000000E-0002
   7.62797021865844726562500000000000000         2.38416194915771484375000000000000000E-0002
   7.65181183815002441406250000000000000         2.38416194915771484375000000000000000E-0002
   7.67565345764160156250000000000000000         2.38416194915771484375000000000000000E-0002
   7.69949507713317871093750000000000000         2.38416194915771484375000000000000000E-0002
   7.72333669662475585937500000000000000         4.76832389831542968750000000000000000E-0002
   7.77101993560791015625000000000000000         2.38416194915771484375000000000000000E-0002
   7.79486155509948730468750000000000000         2.38416194915771484375000000000000000E-0002
   7.81870317459106445312500000000000000         1.19208097457885742187500000000000000E-0002
   7.83062398433685302734375000000000000         1.19208097457885742187500000000000000E-0002
   7.84254479408264160156250000000000000         2.38416194915771484375000000000000000E-0002
   7.86638641357421875000000000000000000         4.76832389831542968750000000000000000E-0002
   7.91406965255737304687500000000000000         4.76832389831542968750000000000000000E-0002
   7.96175289154052734375000000000000000         2.38416194915771484375000000000000000E-0002
   7.98559451103210449218750000000000000         1.19208097457885742187500000000000000E-0002
   7.99751532077789306640625000000000000         1.19208097457885742187500000000000000E-0002
   8.00943613052368164062500000000000000         4.76832389831542968750000000000000000E-0002
   8.05711936950683593750000000000000000         2.38416194915771484375000000000000000E-0002
   8.08096098899841308593750000000000000         2.38416194915771484375000000000000000E-0002
   8.10480260848999023437500000000000000         4.76832389831542968750000000000000000E-0002
   8.15248584747314453125000000000000000         4.76832389831542968750000000000000000E-0002
   8.20016908645629882812500000000000000         4.76832389831542968750000000000000000E-0002
   8.24785232543945312500000000000000000         2.38416194915771484375000000000000000E-0002
   8.27169394493103027343750000000000000         2.38416194915771484375000000000000000E-0002
   8.29553556442260742187500000000000000         1.19208097457885742187500000000000000E-0002
   8.30745637416839599609375000000000000         1.19208097457885742187500000000000000E-0002
   8.31937718391418457031250000000000000         1.19208097457885742187500000000000000E-0002
   8.33129799365997314453125000000000000         1.19208097457885742187500000000000000E-0002
   8.34321880340576171875000000000000000         2.38416194915771484375000000000000000E-0002
   8.36706042289733886718750000000000000         1.19208097457885742187500000000000000E-0002
   8.37898123264312744140625000000000000         1.19208097457885742187500000000000000E-0002
   8.39090204238891601562500000000000000         2.38416194915771484375000000000000000E-0002
   8.41474366188049316406250000000000000         2.38416194915771484375000000000000000E-0002
   8.43858528137207031250000000000000000        0.190732955932617187500000000000000000      
   8.62931823730468750000000000000000000         4.76832389831542968750000000000000000E-0002
   8.67700147628784179687500000000000000         4.76832389831542968750000000000000000E-0002
   8.72468471527099609375000000000000000         2.38416194915771484375000000000000000E-0002
   8.74852633476257324218750000000000000         2.38416194915771484375000000000000000E-0002
   8.77236795425415039062500000000000000         2.38416194915771484375000000000000000E-0002
   8.79620957374572753906250000000000000         2.38416194915771484375000000000000000E-0002
   8.82005119323730468750000000000000000         2.38416194915771484375000000000000000E-0002
   8.84389281272888183593750000000000000         2.38416194915771484375000000000000000E-0002
   8.86773443222045898437500000000000000         4.76832389831542968750000000000000000E-0002
   8.91541767120361328125000000000000000         9.53664779663085937500000000000000000E-0002
   9.01078414916992187500000000000000000         1.19208097457885742187500000000000000E-0002
   9.02270495891571044921875000000000000         1.19208097457885742187500000000000000E-0002
   9.03462576866149902343750000000000000         2.38416194915771484375000000000000000E-0002
   9.05846738815307617187500000000000000         2.38416194915771484375000000000000000E-0002
   9.08230900764465332031250000000000000         1.19208097457885742187500000000000000E-0002
   9.09422981739044189453125000000000000         1.19208097457885742187500000000000000E-0002
   9.10615062713623046875000000000000000         4.76832389831542968750000000000000000E-0002
   9.15383386611938476562500000000000000         2.38416194915771484375000000000000000E-0002
   9.17767548561096191406250000000000000         2.38416194915771484375000000000000000E-0002
   9.20151710510253906250000000000000000         1.19208097457885742187500000000000000E-0002
   9.21343791484832763671875000000000000         1.19208097457885742187500000000000000E-0002
   9.22535872459411621093750000000000000         2.38416194915771484375000000000000000E-0002
   9.24920034408569335937500000000000000         4.76832389831542968750000000000000000E-0002
   9.29688358306884765625000000000000000         4.76832389831542968750000000000000000E-0002
   9.34456682205200195312500000000000000         4.76832389831542968750000000000000000E-0002
   9.39225006103515625000000000000000000         2.38416194915771484375000000000000000E-0002
   9.41609168052673339843750000000000000         2.38416194915771484375000000000000000E-0002
   9.43993330001831054687500000000000000         1.19208097457885742187500000000000000E-0002
   9.45185410976409912109375000000000000         1.19208097457885742187500000000000000E-0002
   9.46377491950988769531250000000000000         2.38416194915771484375000000000000000E-0002
   9.48761653900146484375000000000000000         2.38416194915771484375000000000000000E-0002
   9.51145815849304199218750000000000000         2.38416194915771484375000000000000000E-0002
   9.53529977798461914062500000000000000         4.76832389831542968750000000000000000E-0002
   9.58298301696777343750000000000000000         2.38416194915771484375000000000000000E-0002
   9.60682463645935058593750000000000000         2.38416194915771484375000000000000000E-0002
   9.63066625595092773437500000000000000         4.76832389831542968750000000000000000E-0002
   9.67834949493408203125000000000000000         1.19208097457885742187500000000000000E-0002
   9.69027030467987060546875000000000000         1.19208097457885742187500000000000000E-0002
   9.70219111442565917968750000000000000         2.38416194915771484375000000000000000E-0002
   9.72603273391723632812500000000000000         2.38416194915771484375000000000000000E-0002
   9.74987435340881347656250000000000000         1.19208097457885742187500000000000000E-0002
   9.76179516315460205078125000000000000         1.19208097457885742187500000000000000E-0002
   9.77371597290039062500000000000000000         9.53664779663085937500000000000000000E-0002
   9.86908245086669921875000000000000000         9.53664779663085937500000000000000000E-0002
   9.96444892883300781250000000000000000         4.76832389831542968750000000000000000E-0002
   10.0121321678161621093750000000000000         2.38416194915771484375000000000000000E-0002
   10.0359737873077392578125000000000000         2.38416194915771484375000000000000000E-0002
   10.0598154067993164062500000000000000         4.76832389831542968750000000000000000E-0002
   10.1074986457824707031250000000000000         4.76832389831542968750000000000000000E-0002
   10.1551818847656250000000000000000000         1.19208097457885742187500000000000000E-0002
   10.1671026945114135742187500000000000         1.19208097457885742187500000000000000E-0002
   10.1790235042572021484375000000000000         2.38416194915771484375000000000000000E-0002
   10.2028651237487792968750000000000000         1.19208097457885742187500000000000000E-0002
   10.2147859334945678710937500000000000         1.19208097457885742187500000000000000E-0002
   10.2267067432403564453125000000000000         2.38416194915771484375000000000000000E-0002
   10.2505483627319335937500000000000000         4.76832389831542968750000000000000000E-0002
   10.2982316017150878906250000000000000         4.76832389831542968750000000000000000E-0002
   10.3459148406982421875000000000000000         2.38416194915771484375000000000000000E-0002
   10.3697564601898193359375000000000000         1.19208097457885742187500000000000000E-0002
   10.3816772699356079101562500000000000         1.19208097457885742187500000000000000E-0002
   10.3935980796813964843750000000000000         4.76832389831542968750000000000000000E-0002
   10.4412813186645507812500000000000000         4.76832389831542968750000000000000000E-0002
   10.4889645576477050781250000000000000         4.76832389831542968750000000000000000E-0002
   10.5366477966308593750000000000000000         2.38416194915771484375000000000000000E-0002
   10.5604894161224365234375000000000000         2.38416194915771484375000000000000000E-0002
   10.5843310356140136718750000000000000         2.38416194915771484375000000000000000E-0002
   10.6081726551055908203125000000000000         2.38416194915771484375000000000000000E-0002
   10.6320142745971679687500000000000000         4.76832389831542968750000000000000000E-0002
   10.6796975135803222656250000000000000         4.76832389831542968750000000000000000E-0002
   10.7273807525634765625000000000000000        0.190732955932617187500000000000000000      
   10.9181137084960937500000000000000000         2.38416194915771484375000000000000000E-0002
   10.9419553279876708984375000000000000         1.19208097457885742187500000000000000E-0002
   10.9538761377334594726562500000000000         1.19208097457885742187500000000000000E-0002
   10.9657969474792480468750000000000000         2.38416194915771484375000000000000000E-0002
   10.9896385669708251953125000000000000         1.19208097457885742187500000000000000E-0002
   11.0015593767166137695312500000000000         1.19208097457885742187500000000000000E-0002
   11.0134801864624023437500000000000000         2.38416194915771484375000000000000000E-0002
   11.0373218059539794921875000000000000         1.19208097457885742187500000000000000E-0002
   11.0492426156997680664062500000000000         1.19208097457885742187500000000000000E-0002
   11.0611634254455566406250000000000000         4.76832389831542968750000000000000000E-0002
   11.1088466644287109375000000000000000         4.76832389831542968750000000000000000E-0002
   11.1565299034118652343750000000000000         4.76832389831542968750000000000000000E-0002
   11.2042131423950195312500000000000000         4.76832389831542968750000000000000000E-0002
   11.2518963813781738281250000000000000         2.38416194915771484375000000000000000E-0002
   11.2757380008697509765625000000000000         2.38416194915771484375000000000000000E-0002
   11.2995796203613281250000000000000000         4.76832389831542968750000000000000000E-0002
   11.3472628593444824218750000000000000         4.76832389831542968750000000000000000E-0002
   11.3949460983276367187500000000000000         2.38416194915771484375000000000000000E-0002
   11.4187877178192138671875000000000000         2.38416194915771484375000000000000000E-0002
   11.4426293373107910156250000000000000         2.38416194915771484375000000000000000E-0002
   11.4664709568023681640625000000000000         2.38416194915771484375000000000000000E-0002
   11.4903125762939453125000000000000000         4.76832389831542968750000000000000000E-0002
   11.5379958152770996093750000000000000         2.38416194915771484375000000000000000E-0002
   11.5618374347686767578125000000000000         2.38416194915771484375000000000000000E-0002
   11.5856790542602539062500000000000000         9.53664779663085937500000000000000000E-0002
   11.6810455322265625000000000000000000         2.38416194915771484375000000000000000E-0002
   11.7048871517181396484375000000000000         2.38416194915771484375000000000000000E-0002
   11.7287287712097167968750000000000000         4.76832389831542968750000000000000000E-0002
   11.7764120101928710937500000000000000         9.53664779663085937500000000000000000E-0002
   11.8717784881591796875000000000000000         4.76832389831542968750000000000000000E-0002
   11.9194617271423339843750000000000000         4.76832389831542968750000000000000000E-0002
   11.9671449661254882812500000000000000         2.38416194915771484375000000000000000E-0002
   11.9909865856170654296875000000000000         2.38416194915771484375000000000000000E-0002
   12.0148282051086425781250000000000000         4.76832389831542968750000000000000000E-0002
   12.0625114440917968750000000000000000         4.76832389831542968750000000000000000E-0002
   12.1101946830749511718750000000000000         4.76832389831542968750000000000000000E-0002
   12.1578779220581054687500000000000000         4.76832389831542968750000000000000000E-0002
   12.2055611610412597656250000000000000         4.76832389831542968750000000000000000E-0002
   12.2532444000244140625000000000000000         9.53664779663085937500000000000000000E-0002
   12.3486108779907226562500000000000000         9.53664779663085937500000000000000000E-0002
   12.4439773559570312500000000000000000         4.76832389831542968750000000000000000E-0002
   12.4916605949401855468750000000000000         4.76832389831542968750000000000000000E-0002
   12.5393438339233398437500000000000000         4.76832389831542968750000000000000000E-0002
   12.5870270729064941406250000000000000         2.38416194915771484375000000000000000E-0002
   12.6108686923980712890625000000000000         2.38416194915771484375000000000000000E-0002
   12.6347103118896484375000000000000000         9.53664779663085937500000000000000000E-0002
   12.7300767898559570312500000000000000         2.38416194915771484375000000000000000E-0002
   12.7539184093475341796875000000000000         2.38416194915771484375000000000000000E-0002
   12.7777600288391113281250000000000000         2.38416194915771484375000000000000000E-0002
   12.8016016483306884765625000000000000         2.38416194915771484375000000000000000E-0002
   12.8254432678222656250000000000000000         9.53664779663085937500000000000000000E-0002
   12.9208097457885742187500000000000000         4.76832389831542968750000000000000000E-0002
   12.9684929847717285156250000000000000         2.38416194915771484375000000000000000E-0002
   12.9923346042633056640625000000000000         2.38416194915771484375000000000000000E-0002
   13.0161762237548828125000000000000000        0.190732955932617187500000000000000000      
   13.2069091796875000000000000000000000         9.53664779663085937500000000000000000E-0002
   13.3022756576538085937500000000000000         4.76832389831542968750000000000000000E-0002
   13.3499588966369628906250000000000000         4.76832389831542968750000000000000000E-0002
   13.3976421356201171875000000000000000         4.76832389831542968750000000000000000E-0002
   13.4453253746032714843750000000000000         2.38416194915771484375000000000000000E-0002
   13.4691669940948486328125000000000000         2.38416194915771484375000000000000000E-0002
   13.4930086135864257812500000000000000         4.76832389831542968750000000000000000E-0002
   13.5406918525695800781250000000000000         4.76832389831542968750000000000000000E-0002
   13.5883750915527343750000000000000000         4.76832389831542968750000000000000000E-0002
   13.6360583305358886718750000000000000         2.38416194915771484375000000000000000E-0002
   13.6598999500274658203125000000000000         2.38416194915771484375000000000000000E-0002
   13.6837415695190429687500000000000000         9.53664779663085937500000000000000000E-0002
   13.7791080474853515625000000000000000         4.76832389831542968750000000000000000E-0002
   13.8267912864685058593750000000000000         2.38416194915771484375000000000000000E-0002
   13.8506329059600830078125000000000000         1.19208097457885742187500000000000000E-0002
   13.8625537157058715820312500000000000         1.19208097457885742187500000000000000E-0002
   13.8744745254516601562500000000000000         9.53664779663085937500000000000000000E-0002
   13.9698410034179687500000000000000000        0.190732955932617187500000000000000000      
   14.1605739593505859375000000000000000        0.190732955932617187500000000000000000      
   14.3513069152832031250000000000000000         9.53664779663085937500000000000000000E-0002
   14.4466733932495117187500000000000000         4.76832389831542968750000000000000000E-0002
   14.4943566322326660156250000000000000         2.38416194915771484375000000000000000E-0002
   14.5181982517242431640625000000000000         2.38416194915771484375000000000000000E-0002
   14.5420398712158203125000000000000000         4.76832389831542968750000000000000000E-0002
   14.5897231101989746093750000000000000         4.76832389831542968750000000000000000E-0002
   14.6374063491821289062500000000000000         9.53664779663085937500000000000000000E-0002
   14.7327728271484375000000000000000000         9.53664779663085937500000000000000000E-0002
   14.8281393051147460937500000000000000         9.53664779663085937500000000000000000E-0002
   14.9235057830810546875000000000000000        0.190732955932617187500000000000000000      
   15.1142387390136718750000000000000000         9.53664779663085937500000000000000000E-0002
   15.2096052169799804687500000000000000         9.53664779663085937500000000000000000E-0002
   15.3049716949462890625000000000000000         9.53664779663085937500000000000000000E-0002
   15.4003381729125976562500000000000000         9.53664779663085937500000000000000000E-0002
   15.4957046508789062500000000000000000         9.53664779663085937500000000000000000E-0002
   15.5910711288452148437500000000000000         9.53664779663085937500000000000000000E-0002
   15.6864376068115234375000000000000000         9.53664779663085937500000000000000000E-0002
   15.7818040847778320312500000000000000         9.53664779663085937500000000000000000E-0002
   15.8771705627441406250000000000000000         9.53664779663085937500000000000000000E-0002
   15.9725370407104492187500000000000000         2.38416194915771484375000000000000000E-0002
   15.9963786602020263671875000000000000         2.38416194915771484375000000000000000E-0002
   16.0202202796936035156250000000000000         2.38416194915771484375000000000000000E-0002
   16.0440618991851806640625000000000000         2.38416194915771484375000000000000000E-0002
   16.0679035186767578125000000000000000         9.53664779663085937500000000000000000E-0002
   16.1632699966430664062500000000000000         4.76832389831542968750000000000000000E-0002
   16.2109532356262207031250000000000000         4.76832389831542968750000000000000000E-0002
   16.2586364746093750000000000000000000         9.53664779663085937500000000000000000E-0002
   16.3540029525756835937500000000000000         2.38416194915771484375000000000000000E-0002
   16.3778445720672607421875000000000000         2.38416194915771484375000000000000000E-0002
   16.4016861915588378906250000000000000         4.76832389831542968750000000000000000E-0002
   16.4493694305419921875000000000000000         9.53664779663085937500000000000000000E-0002
   16.5447359085083007812500000000000000         9.53664779663085937500000000000000000E-0002
   16.6401023864746093750000000000000000        0.190732955932617187500000000000000000      
   16.8308353424072265625000000000000000         4.76832389831542968750000000000000000E-0002
   16.8785185813903808593750000000000000         4.76832389831542968750000000000000000E-0002
   16.9262018203735351562500000000000000         4.76832389831542968750000000000000000E-0002
   16.9738850593566894531250000000000000         4.76832389831542968750000000000000000E-0002
   17.0215682983398437500000000000000000        0.190732955932617187500000000000000000      
   17.2123012542724609375000000000000000         4.76832389831542968750000000000000000E-0002
   17.2599844932556152343750000000000000         4.76832389831542968750000000000000000E-0002
   17.3076677322387695312500000000000000         9.53664779663085937500000000000000000E-0002
   17.4030342102050781250000000000000000        0.190732955932617187500000000000000000      
   17.5937671661376953125000000000000000         4.76832389831542968750000000000000000E-0002
   17.6414504051208496093750000000000000         4.76832389831542968750000000000000000E-0002
   17.6891336441040039062500000000000000         4.76832389831542968750000000000000000E-0002
   17.7368168830871582031250000000000000         4.76832389831542968750000000000000000E-0002
   17.7845001220703125000000000000000000        0.190732955932617187500000000000000000      
   17.9752330780029296875000000000000000        0.190732955932617187500000000000000000      
   18.1659660339355468750000000000000000         9.53664779663085937500000000000000000E-0002
   18.2613325119018554687500000000000000         9.53664779663085937500000000000000000E-0002
   18.3566989898681640625000000000000000        0.190732955932617187500000000000000000      
   18.5474319458007812500000000000000000         4.76832389831542968750000000000000000E-0002
   18.5951151847839355468750000000000000         4.76832389831542968750000000000000000E-0002
   18.6427984237670898437500000000000000         9.53664779663085937500000000000000000E-0002
   18.7381649017333984375000000000000000         9.53664779663085937500000000000000000E-0002
   18.8335313796997070312500000000000000         9.53664779663085937500000000000000000E-0002
   18.9288978576660156250000000000000000        0.190732955932617187500000000000000000      
   19.1196308135986328125000000000000000         4.76832389831542968750000000000000000E-0002
   19.1673140525817871093750000000000000         4.76832389831542968750000000000000000E-0002
   19.2149972915649414062500000000000000         4.76832389831542968750000000000000000E-0002
   19.2626805305480957031250000000000000         4.76832389831542968750000000000000000E-0002
   19.3103637695312500000000000000000000         6.10345458984375000000000000000000000      
   25.4138183593750000000000000000000000        0.762931823730468750000000000000000000      
   26.1767501831054687500000000000000000         9.53664779663085937500000000000000000E-0002
   26.2721166610717773437500000000000000         9.53664779663085937500000000000000000E-0002
   26.3674831390380859375000000000000000        0.190732955932617187500000000000000000      
   26.5582160949707031250000000000000000         9.53664779663085937500000000000000000E-0002
   26.6535825729370117187500000000000000         9.53664779663085937500000000000000000E-0002
   26.7489490509033203125000000000000000         9.53664779663085937500000000000000000E-0002
   26.8443155288696289062500000000000000         9.53664779663085937500000000000000000E-0002
   26.9396820068359375000000000000000000        0.762931823730468750000000000000000000      
   27.7026138305664062500000000000000000        0.762931823730468750000000000000000000      
   28.4655456542968750000000000000000000        0.190732955932617187500000000000000000      
   28.6562786102294921875000000000000000        0.190732955932617187500000000000000000      
   28.8470115661621093750000000000000000        0.190732955932617187500000000000000000      
   29.0377445220947265625000000000000000        0.190732955932617187500000000000000000      
   29.2284774780273437500000000000000000        0.762931823730468750000000000000000000      
   29.9914093017578125000000000000000000         1.52586364746093750000000000000000000      
   31.5172729492187500000000000000000000        0.190732955932617187500000000000000000      
   31.7080059051513671875000000000000000         9.53664779663085937500000000000000000E-0002
   31.8033723831176757812500000000000000         9.53664779663085937500000000000000000E-0002
   31.8987388610839843750000000000000000        0.190732955932617187500000000000000000      
   32.0894718170166015625000000000000000        0.190732955932617187500000000000000000      
   32.2802047729492187500000000000000000        0.190732955932617187500000000000000000      
   32.4709377288818359375000000000000000        0.190732955932617187500000000000000000      
   32.6616706848144531250000000000000000        0.190732955932617187500000000000000000      
   32.8524036407470703125000000000000000        0.190732955932617187500000000000000000      
   33.0431365966796875000000000000000000        0.190732955932617187500000000000000000      
   33.2338695526123046875000000000000000        0.190732955932617187500000000000000000      
   33.4246025085449218750000000000000000        0.190732955932617187500000000000000000      
   33.6153354644775390625000000000000000        0.190732955932617187500000000000000000      
   33.8060684204101562500000000000000000         9.53664779663085937500000000000000000E-0002
   33.9014348983764648437500000000000000         9.53664779663085937500000000000000000E-0002
   33.9968013763427734375000000000000000        0.190732955932617187500000000000000000      
   34.1875343322753906250000000000000000        0.190732955932617187500000000000000000      
   34.3782672882080078125000000000000000        0.190732955932617187500000000000000000      
   34.5690002441406250000000000000000000         1.52586364746093750000000000000000000      
   36.0948638916015625000000000000000000        0.190732955932617187500000000000000000      
   36.2855968475341796875000000000000000        0.190732955932617187500000000000000000      
   36.4763298034667968750000000000000000        0.190732955932617187500000000000000000      
   36.6670627593994140625000000000000000        0.190732955932617187500000000000000000      
   36.8577957153320312500000000000000000        0.190732955932617187500000000000000000      
   37.0485286712646484375000000000000000        0.190732955932617187500000000000000000      
   37.2392616271972656250000000000000000        0.190732955932617187500000000000000000      
   37.4299945831298828125000000000000000        0.190732955932617187500000000000000000      
   37.6207275390625000000000000000000000         12.2069091796875000000000000000000000      
   49.8276367187500000000000000000000000         1.52586364746093750000000000000000000      
   51.3535003662109375000000000000000000        0.190732955932617187500000000000000000      
   51.5442333221435546875000000000000000        0.190732955932617187500000000000000000      
   51.7349662780761718750000000000000000        0.190732955932617187500000000000000000      
   51.9256992340087890625000000000000000        0.190732955932617187500000000000000000      
   52.1164321899414062500000000000000000        0.190732955932617187500000000000000000      
   52.3071651458740234375000000000000000        0.190732955932617187500000000000000000      
   52.4978981018066406250000000000000000        0.190732955932617187500000000000000000      
   52.6886310577392578125000000000000000        0.190732955932617187500000000000000000      
   52.8793640136718750000000000000000000        0.190732955932617187500000000000000000      
   53.0700969696044921875000000000000000        0.190732955932617187500000000000000000      
   53.2608299255371093750000000000000000        0.190732955932617187500000000000000000      
   53.4515628814697265625000000000000000        0.190732955932617187500000000000000000      
   53.6422958374023437500000000000000000        0.190732955932617187500000000000000000      
   53.8330287933349609375000000000000000        0.190732955932617187500000000000000000      
   54.0237617492675781250000000000000000        0.190732955932617187500000000000000000      
   54.2144947052001953125000000000000000        0.190732955932617187500000000000000000      
   54.4052276611328125000000000000000000         1.52586364746093750000000000000000000      
   55.9310913085937500000000000000000000         6.10345458984375000000000000000000000      
   62.0345458984375000000000000000000000         6.10345458984375000000000000000000000      
   68.1380004882812500000000000000000000         3.05172729492187500000000000000000000      
   71.1897277832031250000000000000000000         1.52586364746093750000000000000000000      
   72.7155914306640625000000000000000000         1.52586364746093750000000000000000000      
   74.2414550781250000000000000000000000         24.4138183593750000000000000000000000      
   98.6552734375000000000000000000000000         3.05172729492187500000000000000000000      
   101.707000732421875000000000000000000         3.05172729492187500000000000000000000      
   104.758728027343750000000000000000000         1.52586364746093750000000000000000000      
   106.284591674804687500000000000000000         1.52586364746093750000000000000000000      
   107.810455322265625000000000000000000         3.05172729492187500000000000000000000      
   110.862182617187500000000000000000000         6.10345458984375000000000000000000000      
   116.965637207031250000000000000000000         3.05172729492187500000000000000000000      
   120.017364501953125000000000000000000         3.05172729492187500000000000000000000      
   123.069091796875000000000000000000000         24.4138183593750000000000000000000000      
   147.482910156250000000000000000000000         48.8276367187500000000000000000000000      
   196.310546875000000000000000000000000         12.2069091796875000000000000000000000      
   208.517456054687500000000000000000000         6.10345458984375000000000000000000000      
   214.620910644531250000000000000000000         3.05172729492187500000000000000000000      
   217.672637939453125000000000000000000         3.05172729492187500000000000000000000      
   220.724365234375000000000000000000000         24.4138183593750000000000000000000000      
   245.138183593750000000000000000000000         48.8276367187500000000000000000000000      
   293.965820312500000000000000000000000         97.6552734375000000000000000000000000      
   391.621093750000000000000000000000000         195.310546875000000000000000000000000      
   586.931640625000000000000000000000000         97.6552734375000000000000000000000000      
   684.586914062500000000000000000000000         97.6552734375000000000000000000000000      
   782.242187500000000000000000000000000         390.621093750000000000000000000000000      
   1172.86328125000000000000000000000000         195.310546875000000000000000000000000      
   1368.17382812500000000000000000000000         195.310546875000000000000000000000000      
   1563.48437500000000000000000000000000         781.242187500000000000000000000000000      
   2344.72656250000000000000000000000000         781.242187500000000000000000000000000      
   3125.96875000000000000000000000000000         3124.96875000000000000000000000000000      
   6250.93750000000000000000000000000000         6249.93750000000000000000000000000000      
   12500.8750000000000000000000000000000         6249.93750000000000000000000000000000      
   18750.8125000000000000000000000000000         6249.93750000000000000000000000000000      
   25000.7500000000000000000000000000000         24999.7500000000000000000000000000000      
   50000.5000000000000000000000000000000         49999.5000000000000000000000000000000      
