   1.76557052745877477668900751448781950E-0002   1.00000000000000000000000000000000005E-0001
   2.42396193024815360059332974961311547E-0004   1.00000000000000000000000000000000002E-0002
   9.18622002381907872763255814083518581E-0006   9.99999999999999999999999999999999943E-0004
   8.48206408068724741429167158142502319E-0006   9.99999999999999999999999999999999966E-0005
   9.74607314031026309481935926571528372E-0006   9.99999999999999999999999999999999966E-0006
   9.83165107301640841296125068269520486E-0006   9.99999999999999999999999999999999930E-0007
   9.94554135681380946038659660159228470E-0006   9.99999999999999999999999999999999976E-0008
   9.97242536474583465055694282412567312E-0006   1.00000000000000000000000000000000000E-0008
   9.99930692061210821418521870833837795E-0006   9.99999999999999999999999999999999932E-0010
   1.00006357966757915005974951045854250E-0005   9.99999999999999999999999999999999932E-0011
   1.00007334414843056848152595445549653E-0005   9.99999999999999999999999999999999904E-0012
   1.00007494699454757699843656303042395E-0005   9.99999999999999999999999999999999904E-0013
   1.00007518498191916570291815526090491E-0005   9.99999999999999999999999999999999904E-0014
   1.00007522536405008437161129364259135E-0005   9.99999999999999999999999999999999850E-0015
   1.00007523192813751271909216453602372E-0005   9.99999999999999999999999999999999815E-0016
   1.00007523294528947065992345914463296E-0005   9.99999999999999999999999999999999858E-0017
