   1.00000000000000000000000000000000000        0.381465911865234375000000000000000000      
   1.38146591186523437500000000000000000        0.190732955932617187500000000000000000      
   1.57219886779785156250000000000000000         4.76832389831542968750000000000000000E-0002
   1.61988210678100585937500000000000000         2.38416194915771484375000000000000000E-0002
   1.64372372627258300781250000000000000         1.19208097457885742187500000000000000E-0002
   1.65564453601837158203125000000000000         1.19208097457885742187500000000000000E-0002
   1.66756534576416015625000000000000000         5.96040487289428710937500000000000000E-0003
   1.67352575063705444335937500000000000         2.98020243644714355468750000000000000E-0003
   1.67650595307350158691406250000000000         2.98020243644714355468750000000000000E-0003
   1.67948615550994873046875000000000000         5.96040487289428710937500000000000000E-0003
   1.68544656038284301757812500000000000         5.96040487289428710937500000000000000E-0003
   1.69140696525573730468750000000000000         5.96040487289428710937500000000000000E-0003
   1.69736737012863159179687500000000000         2.98020243644714355468750000000000000E-0003
   1.70034757256507873535156250000000000         2.98020243644714355468750000000000000E-0003
   1.70332777500152587890625000000000000         1.49010121822357177734375000000000000E-0003
   1.70481787621974945068359375000000000         1.49010121822357177734375000000000000E-0003
   1.70630797743797302246093750000000000         1.49010121822357177734375000000000000E-0003
   1.70779807865619659423828125000000000         1.49010121822357177734375000000000000E-0003
   1.70928817987442016601562500000000000         5.96040487289428710937500000000000000E-0003
   1.71524858474731445312500000000000000         1.19208097457885742187500000000000000E-0002
   1.72716939449310302734375000000000000         2.98020243644714355468750000000000000E-0003
   1.73014959692955017089843750000000000         2.98020243644714355468750000000000000E-0003
   1.73312979936599731445312500000000000         5.96040487289428710937500000000000000E-0003
   1.73909020423889160156250000000000000         2.98020243644714355468750000000000000E-0003
   1.74207040667533874511718750000000000         2.98020243644714355468750000000000000E-0003
   1.74505060911178588867187500000000000         2.98020243644714355468750000000000000E-0003
   1.74803081154823303222656250000000000         2.98020243644714355468750000000000000E-0003
   1.75101101398468017578125000000000000         2.98020243644714355468750000000000000E-0003
   1.75399121642112731933593750000000000         2.98020243644714355468750000000000000E-0003
   1.75697141885757446289062500000000000         2.98020243644714355468750000000000000E-0003
   1.75995162129402160644531250000000000         2.98020243644714355468750000000000000E-0003
   1.76293182373046875000000000000000000         1.49010121822357177734375000000000000E-0003
   1.76442192494869232177734375000000000         1.49010121822357177734375000000000000E-0003
   1.76591202616691589355468750000000000         2.98020243644714355468750000000000000E-0003
   1.76889222860336303710937500000000000         5.96040487289428710937500000000000000E-0003
   1.77485263347625732421875000000000000         1.19208097457885742187500000000000000E-0002
   1.78677344322204589843750000000000000         2.98020243644714355468750000000000000E-0003
   1.78975364565849304199218750000000000         2.98020243644714355468750000000000000E-0003
   1.79273384809494018554687500000000000         2.98020243644714355468750000000000000E-0003
   1.79571405053138732910156250000000000         2.98020243644714355468750000000000000E-0003
   1.79869425296783447265625000000000000         2.98020243644714355468750000000000000E-0003
   1.80167445540428161621093750000000000         2.98020243644714355468750000000000000E-0003
   1.80465465784072875976562500000000000         1.49010121822357177734375000000000000E-0003
   1.80614475905895233154296875000000000         1.49010121822357177734375000000000000E-0003
   1.80763486027717590332031250000000000         1.49010121822357177734375000000000000E-0003
   1.80912496149539947509765625000000000         1.49010121822357177734375000000000000E-0003
   1.81061506271362304687500000000000000         1.19208097457885742187500000000000000E-0002
   1.82253587245941162109375000000000000         5.96040487289428710937500000000000000E-0003
   1.82849627733230590820312500000000000         2.98020243644714355468750000000000000E-0003
   1.83147647976875305175781250000000000         2.98020243644714355468750000000000000E-0003
   1.83445668220520019531250000000000000         5.96040487289428710937500000000000000E-0003
   1.84041708707809448242187500000000000         2.98020243644714355468750000000000000E-0003
   1.84339728951454162597656250000000000         1.49010121822357177734375000000000000E-0003
   1.84488739073276519775390625000000000         7.45050609111785888671875000000000000E-0004
   1.84563244134187698364257812500000000         7.45050609111785888671875000000000000E-0004
   1.84637749195098876953125000000000000         5.96040487289428710937500000000000000E-0003
   1.85233789682388305664062500000000000         2.98020243644714355468750000000000000E-0003
   1.85531809926033020019531250000000000         2.98020243644714355468750000000000000E-0003
   1.85829830169677734375000000000000000         5.96040487289428710937500000000000000E-0003
   1.86425870656967163085937500000000000         2.98020243644714355468750000000000000E-0003
   1.86723890900611877441406250000000000         1.49010121822357177734375000000000000E-0003
   1.86872901022434234619140625000000000         1.49010121822357177734375000000000000E-0003
   1.87021911144256591796875000000000000         1.49010121822357177734375000000000000E-0003
   1.87170921266078948974609375000000000         7.45050609111785888671875000000000000E-0004
   1.87245426326990127563476562500000000         7.45050609111785888671875000000000000E-0004
   1.87319931387901306152343750000000000         2.98020243644714355468750000000000000E-0003
   1.87617951631546020507812500000000000         5.96040487289428710937500000000000000E-0003
   1.88213992118835449218750000000000000         5.96040487289428710937500000000000000E-0003
   1.88810032606124877929687500000000000         5.96040487289428710937500000000000000E-0003
   1.89406073093414306640625000000000000         2.98020243644714355468750000000000000E-0003
   1.89704093337059020996093750000000000         2.98020243644714355468750000000000000E-0003
   1.90002113580703735351562500000000000         5.96040487289428710937500000000000000E-0003
   1.90598154067993164062500000000000000         5.96040487289428710937500000000000000E-0003
   1.91194194555282592773437500000000000         2.98020243644714355468750000000000000E-0003
   1.91492214798927307128906250000000000         1.49010121822357177734375000000000000E-0003
   1.91641224920749664306640625000000000         1.49010121822357177734375000000000000E-0003
   1.91790235042572021484375000000000000         5.96040487289428710937500000000000000E-0003
   1.92386275529861450195312500000000000         1.49010121822357177734375000000000000E-0003
   1.92535285651683807373046875000000000         1.49010121822357177734375000000000000E-0003
   1.92684295773506164550781250000000000         2.98020243644714355468750000000000000E-0003
   1.92982316017150878906250000000000000         1.19208097457885742187500000000000000E-0002
   1.94174396991729736328125000000000000         2.98020243644714355468750000000000000E-0003
   1.94472417235374450683593750000000000         2.98020243644714355468750000000000000E-0003
   1.94770437479019165039062500000000000         5.96040487289428710937500000000000000E-0003
   1.95366477966308593750000000000000000         2.38416194915771484375000000000000000E-0002
   1.97750639915466308593750000000000000         5.96040487289428710937500000000000000E-0003
   1.98346680402755737304687500000000000         2.98020243644714355468750000000000000E-0003
   1.98644700646400451660156250000000000         2.98020243644714355468750000000000000E-0003
   1.98942720890045166015625000000000000         1.19208097457885742187500000000000000E-0002
   2.00134801864624023437500000000000000         5.96040487289428710937500000000000000E-0003
   2.00730842351913452148437500000000000         5.96040487289428710937500000000000000E-0003
   2.01326882839202880859375000000000000         1.49010121822357177734375000000000000E-0003
   2.01475892961025238037109375000000000         1.49010121822357177734375000000000000E-0003
   2.01624903082847595214843750000000000         2.98020243644714355468750000000000000E-0003
   2.01922923326492309570312500000000000         2.98020243644714355468750000000000000E-0003
   2.02220943570137023925781250000000000         2.98020243644714355468750000000000000E-0003
   2.02518963813781738281250000000000000         5.96040487289428710937500000000000000E-0003
   2.03115004301071166992187500000000000         5.96040487289428710937500000000000000E-0003
   2.03711044788360595703125000000000000         2.98020243644714355468750000000000000E-0003
   2.04009065032005310058593750000000000         2.98020243644714355468750000000000000E-0003
   2.04307085275650024414062500000000000         2.98020243644714355468750000000000000E-0003
   2.04605105519294738769531250000000000         1.49010121822357177734375000000000000E-0003
   2.04754115641117095947265625000000000         7.45050609111785888671875000000000000E-0004
   2.04828620702028274536132812500000000         7.45050609111785888671875000000000000E-0004
   2.04903125762939453125000000000000000         1.19208097457885742187500000000000000E-0002
   2.06095206737518310546875000000000000         1.49010121822357177734375000000000000E-0003
   2.06244216859340667724609375000000000         7.45050609111785888671875000000000000E-0004
   2.06318721920251846313476562500000000         7.45050609111785888671875000000000000E-0004
   2.06393226981163024902343750000000000         2.98020243644714355468750000000000000E-0003
   2.06691247224807739257812500000000000         5.96040487289428710937500000000000000E-0003
   2.07287287712097167968750000000000000         5.96040487289428710937500000000000000E-0003
   2.07883328199386596679687500000000000         2.98020243644714355468750000000000000E-0003
   2.08181348443031311035156250000000000         2.98020243644714355468750000000000000E-0003
   2.08479368686676025390625000000000000         2.98020243644714355468750000000000000E-0003
   2.08777388930320739746093750000000000         2.98020243644714355468750000000000000E-0003
   2.09075409173965454101562500000000000         5.96040487289428710937500000000000000E-0003
   2.09671449661254882812500000000000000         5.96040487289428710937500000000000000E-0003
   2.10267490148544311523437500000000000         5.96040487289428710937500000000000000E-0003
   2.10863530635833740234375000000000000         1.19208097457885742187500000000000000E-0002
   2.12055611610412597656250000000000000         5.96040487289428710937500000000000000E-0003
   2.12651652097702026367187500000000000         1.49010121822357177734375000000000000E-0003
   2.12800662219524383544921875000000000         1.49010121822357177734375000000000000E-0003
   2.12949672341346740722656250000000000         2.98020243644714355468750000000000000E-0003
   2.13247692584991455078125000000000000         5.96040487289428710937500000000000000E-0003
   2.13843733072280883789062500000000000         5.96040487289428710937500000000000000E-0003
   2.14439773559570312500000000000000000         5.96040487289428710937500000000000000E-0003
   2.15035814046859741210937500000000000         2.98020243644714355468750000000000000E-0003
   2.15333834290504455566406250000000000         2.98020243644714355468750000000000000E-0003
   2.15631854534149169921875000000000000         5.96040487289428710937500000000000000E-0003
   2.16227895021438598632812500000000000         2.98020243644714355468750000000000000E-0003
   2.16525915265083312988281250000000000         2.98020243644714355468750000000000000E-0003
   2.16823935508728027343750000000000000         2.98020243644714355468750000000000000E-0003
   2.17121955752372741699218750000000000         2.98020243644714355468750000000000000E-0003
   2.17419975996017456054687500000000000         2.98020243644714355468750000000000000E-0003
   2.17717996239662170410156250000000000         1.49010121822357177734375000000000000E-0003
   2.17867006361484527587890625000000000         1.49010121822357177734375000000000000E-0003
   2.18016016483306884765625000000000000         1.19208097457885742187500000000000000E-0002
   2.19208097457885742187500000000000000         2.38416194915771484375000000000000000E-0002
   2.21592259407043457031250000000000000         5.96040487289428710937500000000000000E-0003
   2.22188299894332885742187500000000000         2.98020243644714355468750000000000000E-0003
   2.22486320137977600097656250000000000         2.98020243644714355468750000000000000E-0003
   2.22784340381622314453125000000000000         2.98020243644714355468750000000000000E-0003
   2.23082360625267028808593750000000000         1.49010121822357177734375000000000000E-0003
   2.23231370747089385986328125000000000         1.49010121822357177734375000000000000E-0003
   2.23380380868911743164062500000000000         5.96040487289428710937500000000000000E-0003
   2.23976421356201171875000000000000000         2.98020243644714355468750000000000000E-0003
   2.24274441599845886230468750000000000         1.49010121822357177734375000000000000E-0003
   2.24423451721668243408203125000000000         1.49010121822357177734375000000000000E-0003
   2.24572461843490600585937500000000000         2.98020243644714355468750000000000000E-0003
   2.24870482087135314941406250000000000         2.98020243644714355468750000000000000E-0003
   2.25168502330780029296875000000000000         5.96040487289428710937500000000000000E-0003
   2.25764542818069458007812500000000000         5.96040487289428710937500000000000000E-0003
   2.26360583305358886718750000000000000         2.98020243644714355468750000000000000E-0003
   2.26658603549003601074218750000000000         1.49010121822357177734375000000000000E-0003
   2.26807613670825958251953125000000000         1.49010121822357177734375000000000000E-0003
   2.26956623792648315429687500000000000         5.96040487289428710937500000000000000E-0003
   2.27552664279937744140625000000000000         2.98020243644714355468750000000000000E-0003
   2.27850684523582458496093750000000000         1.49010121822357177734375000000000000E-0003
   2.27999694645404815673828125000000000         1.49010121822357177734375000000000000E-0003
   2.28148704767227172851562500000000000         5.96040487289428710937500000000000000E-0003
   2.28744745254516601562500000000000000         1.49010121822357177734375000000000000E-0003
   2.28893755376338958740234375000000000         1.49010121822357177734375000000000000E-0003
   2.29042765498161315917968750000000000         2.98020243644714355468750000000000000E-0003
   2.29340785741806030273437500000000000         2.98020243644714355468750000000000000E-0003
   2.29638805985450744628906250000000000         2.98020243644714355468750000000000000E-0003
   2.29936826229095458984375000000000000         1.19208097457885742187500000000000000E-0002
   2.31128907203674316406250000000000000         2.98020243644714355468750000000000000E-0003
   2.31426927447319030761718750000000000         2.98020243644714355468750000000000000E-0003
   2.31724947690963745117187500000000000         5.96040487289428710937500000000000000E-0003
   2.32320988178253173828125000000000000         2.98020243644714355468750000000000000E-0003
   2.32619008421897888183593750000000000         2.98020243644714355468750000000000000E-0003
   2.32917028665542602539062500000000000         5.96040487289428710937500000000000000E-0003
   2.33513069152832031250000000000000000         5.96040487289428710937500000000000000E-0003
   2.34109109640121459960937500000000000         1.49010121822357177734375000000000000E-0003
   2.34258119761943817138671875000000000         1.49010121822357177734375000000000000E-0003
   2.34407129883766174316406250000000000         1.49010121822357177734375000000000000E-0003
   2.34556140005588531494140625000000000         1.49010121822357177734375000000000000E-0003
   2.34705150127410888671875000000000000         1.19208097457885742187500000000000000E-0002
   2.35897231101989746093750000000000000         5.96040487289428710937500000000000000E-0003
   2.36493271589279174804687500000000000         5.96040487289428710937500000000000000E-0003
   2.37089312076568603515625000000000000         5.96040487289428710937500000000000000E-0003
   2.37685352563858032226562500000000000         2.98020243644714355468750000000000000E-0003
   2.37983372807502746582031250000000000         2.98020243644714355468750000000000000E-0003
   2.38281393051147460937500000000000000         5.96040487289428710937500000000000000E-0003
   2.38877433538436889648437500000000000         2.98020243644714355468750000000000000E-0003
   2.39175453782081604003906250000000000         1.49010121822357177734375000000000000E-0003
   2.39324463903903961181640625000000000         1.49010121822357177734375000000000000E-0003
   2.39473474025726318359375000000000000         5.96040487289428710937500000000000000E-0003
   2.40069514513015747070312500000000000         5.96040487289428710937500000000000000E-0003
   2.40665555000305175781250000000000000         1.19208097457885742187500000000000000E-0002
   2.41857635974884033203125000000000000         5.96040487289428710937500000000000000E-0003
   2.42453676462173461914062500000000000         2.98020243644714355468750000000000000E-0003
   2.42751696705818176269531250000000000         2.98020243644714355468750000000000000E-0003
   2.43049716949462890625000000000000000         1.19208097457885742187500000000000000E-0002
   2.44241797924041748046875000000000000         2.98020243644714355468750000000000000E-0003
   2.44539818167686462402343750000000000         2.98020243644714355468750000000000000E-0003
   2.44837838411331176757812500000000000         2.98020243644714355468750000000000000E-0003
   2.45135858654975891113281250000000000         2.98020243644714355468750000000000000E-0003
   2.45433878898620605468750000000000000         5.96040487289428710937500000000000000E-0003
   2.46029919385910034179687500000000000         2.98020243644714355468750000000000000E-0003
   2.46327939629554748535156250000000000         2.98020243644714355468750000000000000E-0003
   2.46625959873199462890625000000000000         2.98020243644714355468750000000000000E-0003
   2.46923980116844177246093750000000000         2.98020243644714355468750000000000000E-0003
   2.47222000360488891601562500000000000         5.96040487289428710937500000000000000E-0003
   2.47818040847778320312500000000000000         2.98020243644714355468750000000000000E-0003
   2.48116061091423034667968750000000000         2.98020243644714355468750000000000000E-0003
   2.48414081335067749023437500000000000         5.96040487289428710937500000000000000E-0003
   2.49010121822357177734375000000000000         5.96040487289428710937500000000000000E-0003
   2.49606162309646606445312500000000000         2.98020243644714355468750000000000000E-0003
   2.49904182553291320800781250000000000         2.98020243644714355468750000000000000E-0003
   2.50202202796936035156250000000000000         1.19208097457885742187500000000000000E-0002
   2.51394283771514892578125000000000000         5.96040487289428710937500000000000000E-0003
   2.51990324258804321289062500000000000         5.96040487289428710937500000000000000E-0003
   2.52586364746093750000000000000000000        0.762931823730468750000000000000000000      
   3.28879547119140625000000000000000000         9.53664779663085937500000000000000000E-0002
   3.38416194915771484375000000000000000         1.19208097457885742187500000000000000E-0002
   3.39608275890350341796875000000000000         1.19208097457885742187500000000000000E-0002
   3.40800356864929199218750000000000000         1.19208097457885742187500000000000000E-0002
   3.41992437839508056640625000000000000         1.19208097457885742187500000000000000E-0002
   3.43184518814086914062500000000000000         4.76832389831542968750000000000000000E-0002
   3.47952842712402343750000000000000000         2.38416194915771484375000000000000000E-0002
   3.50337004661560058593750000000000000         1.19208097457885742187500000000000000E-0002
   3.51529085636138916015625000000000000         5.96040487289428710937500000000000000E-0003
   3.52125126123428344726562500000000000         5.96040487289428710937500000000000000E-0003
   3.52721166610717773437500000000000000         5.96040487289428710937500000000000000E-0003
   3.53317207098007202148437500000000000         2.98020243644714355468750000000000000E-0003
   3.53615227341651916503906250000000000         2.98020243644714355468750000000000000E-0003
   3.53913247585296630859375000000000000         1.19208097457885742187500000000000000E-0002
   3.55105328559875488281250000000000000         5.96040487289428710937500000000000000E-0003
   3.55701369047164916992187500000000000         5.96040487289428710937500000000000000E-0003
   3.56297409534454345703125000000000000         5.96040487289428710937500000000000000E-0003
   3.56893450021743774414062500000000000         2.98020243644714355468750000000000000E-0003
   3.57191470265388488769531250000000000         2.98020243644714355468750000000000000E-0003
   3.57489490509033203125000000000000000         2.98020243644714355468750000000000000E-0003
   3.57787510752677917480468750000000000         2.98020243644714355468750000000000000E-0003
   3.58085530996322631835937500000000000         5.96040487289428710937500000000000000E-0003
   3.58681571483612060546875000000000000         5.96040487289428710937500000000000000E-0003
   3.59277611970901489257812500000000000         5.96040487289428710937500000000000000E-0003
   3.59873652458190917968750000000000000         2.98020243644714355468750000000000000E-0003
   3.60171672701835632324218750000000000         2.98020243644714355468750000000000000E-0003
   3.60469692945480346679687500000000000         5.96040487289428710937500000000000000E-0003
   3.61065733432769775390625000000000000         1.19208097457885742187500000000000000E-0002
   3.62257814407348632812500000000000000         5.96040487289428710937500000000000000E-0003
   3.62853854894638061523437500000000000         5.96040487289428710937500000000000000E-0003
   3.63449895381927490234375000000000000         2.98020243644714355468750000000000000E-0003
   3.63747915625572204589843750000000000         2.98020243644714355468750000000000000E-0003
   3.64045935869216918945312500000000000         5.96040487289428710937500000000000000E-0003
   3.64641976356506347656250000000000000         2.98020243644714355468750000000000000E-0003
   3.64939996600151062011718750000000000         2.98020243644714355468750000000000000E-0003
   3.65238016843795776367187500000000000         2.98020243644714355468750000000000000E-0003
   3.65536037087440490722656250000000000         2.98020243644714355468750000000000000E-0003
   3.65834057331085205078125000000000000         1.19208097457885742187500000000000000E-0002
   3.67026138305664062500000000000000000         1.19208097457885742187500000000000000E-0002
   3.68218219280242919921875000000000000         5.96040487289428710937500000000000000E-0003
   3.68814259767532348632812500000000000         5.96040487289428710937500000000000000E-0003
   3.69410300254821777343750000000000000         1.19208097457885742187500000000000000E-0002
   3.70602381229400634765625000000000000         1.19208097457885742187500000000000000E-0002
   3.71794462203979492187500000000000000         1.19208097457885742187500000000000000E-0002
   3.72986543178558349609375000000000000         5.96040487289428710937500000000000000E-0003
   3.73582583665847778320312500000000000         5.96040487289428710937500000000000000E-0003
   3.74178624153137207031250000000000000         5.96040487289428710937500000000000000E-0003
   3.74774664640426635742187500000000000         5.96040487289428710937500000000000000E-0003
   3.75370705127716064453125000000000000         5.96040487289428710937500000000000000E-0003
   3.75966745615005493164062500000000000         5.96040487289428710937500000000000000E-0003
   3.76562786102294921875000000000000000         2.38416194915771484375000000000000000E-0002
   3.78946948051452636718750000000000000         2.38416194915771484375000000000000000E-0002
   3.81331110000610351562500000000000000         5.96040487289428710937500000000000000E-0003
   3.81927150487899780273437500000000000         5.96040487289428710937500000000000000E-0003
   3.82523190975189208984375000000000000         1.19208097457885742187500000000000000E-0002
   3.83715271949768066406250000000000000         1.19208097457885742187500000000000000E-0002
   3.84907352924346923828125000000000000         1.19208097457885742187500000000000000E-0002
   3.86099433898925781250000000000000000         9.53664779663085937500000000000000000E-0002
   3.95636081695556640625000000000000000         2.38416194915771484375000000000000000E-0002
   3.98020243644714355468750000000000000         1.19208097457885742187500000000000000E-0002
   3.99212324619293212890625000000000000         1.19208097457885742187500000000000000E-0002
   4.00404405593872070312500000000000000         2.38416194915771484375000000000000000E-0002
   4.02788567543029785156250000000000000         1.19208097457885742187500000000000000E-0002
   4.03980648517608642578125000000000000         1.19208097457885742187500000000000000E-0002
   4.05172729492187500000000000000000000         4.76832389831542968750000000000000000E-0002
   4.09941053390502929687500000000000000         2.38416194915771484375000000000000000E-0002
   4.12325215339660644531250000000000000         5.96040487289428710937500000000000000E-0003
   4.12921255826950073242187500000000000         5.96040487289428710937500000000000000E-0003
   4.13517296314239501953125000000000000         5.96040487289428710937500000000000000E-0003
   4.14113336801528930664062500000000000         2.98020243644714355468750000000000000E-0003
   4.14411357045173645019531250000000000         2.98020243644714355468750000000000000E-0003
   4.14709377288818359375000000000000000         1.19208097457885742187500000000000000E-0002
   4.15901458263397216796875000000000000         5.96040487289428710937500000000000000E-0003
   4.16497498750686645507812500000000000         5.96040487289428710937500000000000000E-0003
   4.17093539237976074218750000000000000         2.98020243644714355468750000000000000E-0003
   4.17391559481620788574218750000000000         2.98020243644714355468750000000000000E-0003
   4.17689579725265502929687500000000000         5.96040487289428710937500000000000000E-0003
   4.18285620212554931640625000000000000         5.96040487289428710937500000000000000E-0003
   4.18881660699844360351562500000000000         2.98020243644714355468750000000000000E-0003
   4.19179680943489074707031250000000000         2.98020243644714355468750000000000000E-0003
   4.19477701187133789062500000000000000         5.96040487289428710937500000000000000E-0003
   4.20073741674423217773437500000000000         5.96040487289428710937500000000000000E-0003
   4.20669782161712646484375000000000000         1.19208097457885742187500000000000000E-0002
   4.21861863136291503906250000000000000         5.96040487289428710937500000000000000E-0003
   4.22457903623580932617187500000000000         5.96040487289428710937500000000000000E-0003
   4.23053944110870361328125000000000000         1.19208097457885742187500000000000000E-0002
   4.24246025085449218750000000000000000         5.96040487289428710937500000000000000E-0003
   4.24842065572738647460937500000000000         5.96040487289428710937500000000000000E-0003
   4.25438106060028076171875000000000000         1.19208097457885742187500000000000000E-0002
   4.26630187034606933593750000000000000         1.19208097457885742187500000000000000E-0002
   4.27822268009185791015625000000000000         1.19208097457885742187500000000000000E-0002
   4.29014348983764648437500000000000000         5.96040487289428710937500000000000000E-0003
   4.29610389471054077148437500000000000         5.96040487289428710937500000000000000E-0003
   4.30206429958343505859375000000000000         1.19208097457885742187500000000000000E-0002
   4.31398510932922363281250000000000000         1.19208097457885742187500000000000000E-0002
   4.32590591907501220703125000000000000         1.19208097457885742187500000000000000E-0002
   4.33782672882080078125000000000000000         2.38416194915771484375000000000000000E-0002
   4.36166834831237792968750000000000000         5.96040487289428710937500000000000000E-0003
   4.36762875318527221679687500000000000         5.96040487289428710937500000000000000E-0003
   4.37358915805816650390625000000000000         1.19208097457885742187500000000000000E-0002
   4.38550996780395507812500000000000000         1.19208097457885742187500000000000000E-0002
   4.39743077754974365234375000000000000         1.19208097457885742187500000000000000E-0002
   4.40935158729553222656250000000000000         1.19208097457885742187500000000000000E-0002
   4.42127239704132080078125000000000000         1.19208097457885742187500000000000000E-0002
   4.43319320678710937500000000000000000         5.96040487289428710937500000000000000E-0003
   4.43915361166000366210937500000000000         5.96040487289428710937500000000000000E-0003
   4.44511401653289794921875000000000000         1.19208097457885742187500000000000000E-0002
   4.45703482627868652343750000000000000         2.38416194915771484375000000000000000E-0002
   4.48087644577026367187500000000000000         1.19208097457885742187500000000000000E-0002
   4.49279725551605224609375000000000000         1.19208097457885742187500000000000000E-0002
   4.50471806526184082031250000000000000         2.38416194915771484375000000000000000E-0002
   4.52855968475341796875000000000000000         1.19208097457885742187500000000000000E-0002
   4.54048049449920654296875000000000000         5.96040487289428710937500000000000000E-0003
   4.54644089937210083007812500000000000         5.96040487289428710937500000000000000E-0003
   4.55240130424499511718750000000000000         5.96040487289428710937500000000000000E-0003
   4.55836170911788940429687500000000000         5.96040487289428710937500000000000000E-0003
   4.56432211399078369140625000000000000         5.96040487289428710937500000000000000E-0003
   4.57028251886367797851562500000000000         5.96040487289428710937500000000000000E-0003
   4.57624292373657226562500000000000000         2.38416194915771484375000000000000000E-0002
   4.60008454322814941406250000000000000         5.96040487289428710937500000000000000E-0003
   4.60604494810104370117187500000000000         5.96040487289428710937500000000000000E-0003
   4.61200535297393798828125000000000000         5.96040487289428710937500000000000000E-0003
   4.61796575784683227539062500000000000         5.96040487289428710937500000000000000E-0003
   4.62392616271972656250000000000000000         2.38416194915771484375000000000000000E-0002
   4.64776778221130371093750000000000000         1.19208097457885742187500000000000000E-0002
   4.65968859195709228515625000000000000         5.96040487289428710937500000000000000E-0003
   4.66564899682998657226562500000000000         2.98020243644714355468750000000000000E-0003
   4.66862919926643371582031250000000000         2.98020243644714355468750000000000000E-0003
   4.67160940170288085937500000000000000         4.76832389831542968750000000000000000E-0002
   4.71929264068603515625000000000000000         2.38416194915771484375000000000000000E-0002
   4.74313426017761230468750000000000000         2.38416194915771484375000000000000000E-0002
   4.76697587966918945312500000000000000         1.19208097457885742187500000000000000E-0002
   4.77889668941497802734375000000000000         5.96040487289428710937500000000000000E-0003
   4.78485709428787231445312500000000000         5.96040487289428710937500000000000000E-0003
   4.79081749916076660156250000000000000         1.19208097457885742187500000000000000E-0002
   4.80273830890655517578125000000000000         1.19208097457885742187500000000000000E-0002
   4.81465911865234375000000000000000000         1.19208097457885742187500000000000000E-0002
   4.82657992839813232421875000000000000         5.96040487289428710937500000000000000E-0003
   4.83254033327102661132812500000000000         5.96040487289428710937500000000000000E-0003
   4.83850073814392089843750000000000000         1.19208097457885742187500000000000000E-0002
   4.85042154788970947265625000000000000         5.96040487289428710937500000000000000E-0003
   4.85638195276260375976562500000000000         2.98020243644714355468750000000000000E-0003
   4.85936215519905090332031250000000000         2.98020243644714355468750000000000000E-0003
   4.86234235763549804687500000000000000         5.96040487289428710937500000000000000E-0003
   4.86830276250839233398437500000000000         2.98020243644714355468750000000000000E-0003
   4.87128296494483947753906250000000000         2.98020243644714355468750000000000000E-0003
   4.87426316738128662109375000000000000         1.19208097457885742187500000000000000E-0002
   4.88618397712707519531250000000000000         5.96040487289428710937500000000000000E-0003
   4.89214438199996948242187500000000000         5.96040487289428710937500000000000000E-0003
   4.89810478687286376953125000000000000         5.96040487289428710937500000000000000E-0003
   4.90406519174575805664062500000000000         5.96040487289428710937500000000000000E-0003
   4.91002559661865234375000000000000000         5.96040487289428710937500000000000000E-0003
   4.91598600149154663085937500000000000         5.96040487289428710937500000000000000E-0003
   4.92194640636444091796875000000000000         5.96040487289428710937500000000000000E-0003
   4.92790681123733520507812500000000000         5.96040487289428710937500000000000000E-0003
   4.93386721611022949218750000000000000         2.38416194915771484375000000000000000E-0002
   4.95770883560180664062500000000000000         1.19208097457885742187500000000000000E-0002
   4.96962964534759521484375000000000000         1.19208097457885742187500000000000000E-0002
   4.98155045509338378906250000000000000         5.96040487289428710937500000000000000E-0003
   4.98751085996627807617187500000000000         5.96040487289428710937500000000000000E-0003
   4.99347126483917236328125000000000000         5.96040487289428710937500000000000000E-0003
   4.99943166971206665039062500000000000         5.96040487289428710937500000000000000E-0003
   5.00539207458496093750000000000000000         1.19208097457885742187500000000000000E-0002
   5.01731288433074951171875000000000000         1.19208097457885742187500000000000000E-0002
   5.02923369407653808593750000000000000         5.96040487289428710937500000000000000E-0003
   5.03519409894943237304687500000000000         5.96040487289428710937500000000000000E-0003
   5.04115450382232666015625000000000000         5.96040487289428710937500000000000000E-0003
   5.04711490869522094726562500000000000         5.96040487289428710937500000000000000E-0003
   5.05307531356811523437500000000000000         2.38416194915771484375000000000000000E-0002
   5.07691693305969238281250000000000000         5.96040487289428710937500000000000000E-0003
   5.08287733793258666992187500000000000         5.96040487289428710937500000000000000E-0003
   5.08883774280548095703125000000000000         5.96040487289428710937500000000000000E-0003
   5.09479814767837524414062500000000000         5.96040487289428710937500000000000000E-0003
   5.10075855255126953125000000000000000         2.38416194915771484375000000000000000E-0002
   5.12460017204284667968750000000000000         5.96040487289428710937500000000000000E-0003
   5.13056057691574096679687500000000000         5.96040487289428710937500000000000000E-0003
   5.13652098178863525390625000000000000         1.19208097457885742187500000000000000E-0002
   5.14844179153442382812500000000000000         2.38416194915771484375000000000000000E-0002
   5.17228341102600097656250000000000000         1.19208097457885742187500000000000000E-0002
   5.18420422077178955078125000000000000         5.96040487289428710937500000000000000E-0003
   5.19016462564468383789062500000000000         2.98020243644714355468750000000000000E-0003
   5.19314482808113098144531250000000000         2.98020243644714355468750000000000000E-0003
   5.19612503051757812500000000000000000         5.96040487289428710937500000000000000E-0003
   5.20208543539047241210937500000000000         2.98020243644714355468750000000000000E-0003
   5.20506563782691955566406250000000000         2.98020243644714355468750000000000000E-0003
   5.20804584026336669921875000000000000         1.19208097457885742187500000000000000E-0002
   5.21996665000915527343750000000000000         1.19208097457885742187500000000000000E-0002
   5.23188745975494384765625000000000000         5.96040487289428710937500000000000000E-0003
   5.23784786462783813476562500000000000         5.96040487289428710937500000000000000E-0003
   5.24380826950073242187500000000000000         2.38416194915771484375000000000000000E-0002
   5.26764988899230957031250000000000000         1.19208097457885742187500000000000000E-0002
   5.27957069873809814453125000000000000         1.19208097457885742187500000000000000E-0002
   5.29149150848388671875000000000000000         2.38416194915771484375000000000000000E-0002
   5.31533312797546386718750000000000000         1.19208097457885742187500000000000000E-0002
   5.32725393772125244140625000000000000         5.96040487289428710937500000000000000E-0003
   5.33321434259414672851562500000000000         5.96040487289428710937500000000000000E-0003
   5.33917474746704101562500000000000000         1.19208097457885742187500000000000000E-0002
   5.35109555721282958984375000000000000         1.19208097457885742187500000000000000E-0002
   5.36301636695861816406250000000000000         5.96040487289428710937500000000000000E-0003
   5.36897677183151245117187500000000000         5.96040487289428710937500000000000000E-0003
   5.37493717670440673828125000000000000         5.96040487289428710937500000000000000E-0003
   5.38089758157730102539062500000000000         5.96040487289428710937500000000000000E-0003
   5.38685798645019531250000000000000000         1.19208097457885742187500000000000000E-0002
   5.39877879619598388671875000000000000         5.96040487289428710937500000000000000E-0003
   5.40473920106887817382812500000000000         5.96040487289428710937500000000000000E-0003
   5.41069960594177246093750000000000000         2.38416194915771484375000000000000000E-0002
   5.43454122543334960937500000000000000         2.38416194915771484375000000000000000E-0002
   5.45838284492492675781250000000000000         5.96040487289428710937500000000000000E-0003
   5.46434324979782104492187500000000000         5.96040487289428710937500000000000000E-0003
   5.47030365467071533203125000000000000         5.96040487289428710937500000000000000E-0003
   5.47626405954360961914062500000000000         5.96040487289428710937500000000000000E-0003
   5.48222446441650390625000000000000000         5.96040487289428710937500000000000000E-0003
   5.48818486928939819335937500000000000         5.96040487289428710937500000000000000E-0003
   5.49414527416229248046875000000000000         1.19208097457885742187500000000000000E-0002
   5.50606608390808105468750000000000000         2.38416194915771484375000000000000000E-0002
   5.52990770339965820312500000000000000         4.76832389831542968750000000000000000E-0002
   5.57759094238281250000000000000000000         1.52586364746093750000000000000000000      
   7.10345458984375000000000000000000000        0.190732955932617187500000000000000000      
   7.29418754577636718750000000000000000         2.38416194915771484375000000000000000E-0002
   7.31802916526794433593750000000000000         1.19208097457885742187500000000000000E-0002
   7.32994997501373291015625000000000000         5.96040487289428710937500000000000000E-0003
   7.33591037988662719726562500000000000         5.96040487289428710937500000000000000E-0003
   7.34187078475952148437500000000000000         2.38416194915771484375000000000000000E-0002
   7.36571240425109863281250000000000000         1.19208097457885742187500000000000000E-0002
   7.37763321399688720703125000000000000         1.19208097457885742187500000000000000E-0002
   7.38955402374267578125000000000000000         9.53664779663085937500000000000000000E-0002
   7.48492050170898437500000000000000000         1.19208097457885742187500000000000000E-0002
   7.49684131145477294921875000000000000         1.19208097457885742187500000000000000E-0002
   7.50876212120056152343750000000000000         1.19208097457885742187500000000000000E-0002
   7.52068293094635009765625000000000000         1.19208097457885742187500000000000000E-0002
   7.53260374069213867187500000000000000         2.38416194915771484375000000000000000E-0002
   7.55644536018371582031250000000000000         1.19208097457885742187500000000000000E-0002
   7.56836616992950439453125000000000000         1.19208097457885742187500000000000000E-0002
   7.58028697967529296875000000000000000         2.38416194915771484375000000000000000E-0002
   7.60412859916687011718750000000000000         2.38416194915771484375000000000000000E-0002
   7.62797021865844726562500000000000000         5.96040487289428710937500000000000000E-0003
   7.63393062353134155273437500000000000         5.96040487289428710937500000000000000E-0003
   7.63989102840423583984375000000000000         1.19208097457885742187500000000000000E-0002
   7.65181183815002441406250000000000000         2.38416194915771484375000000000000000E-0002
   7.67565345764160156250000000000000000         4.76832389831542968750000000000000000E-0002
   7.72333669662475585937500000000000000         2.38416194915771484375000000000000000E-0002
   7.74717831611633300781250000000000000         2.38416194915771484375000000000000000E-0002
   7.77101993560791015625000000000000000         1.19208097457885742187500000000000000E-0002
   7.78294074535369873046875000000000000         1.19208097457885742187500000000000000E-0002
   7.79486155509948730468750000000000000         2.38416194915771484375000000000000000E-0002
   7.81870317459106445312500000000000000         2.38416194915771484375000000000000000E-0002
   7.84254479408264160156250000000000000         2.38416194915771484375000000000000000E-0002
   7.86638641357421875000000000000000000         2.38416194915771484375000000000000000E-0002
   7.89022803306579589843750000000000000         2.38416194915771484375000000000000000E-0002
   7.91406965255737304687500000000000000         2.38416194915771484375000000000000000E-0002
   7.93791127204895019531250000000000000         1.19208097457885742187500000000000000E-0002
   7.94983208179473876953125000000000000         1.19208097457885742187500000000000000E-0002
   7.96175289154052734375000000000000000         9.53664779663085937500000000000000000E-0002
   8.05711936950683593750000000000000000         9.53664779663085937500000000000000000E-0002
   8.15248584747314453125000000000000000         1.19208097457885742187500000000000000E-0002
   8.16440665721893310546875000000000000         1.19208097457885742187500000000000000E-0002
   8.17632746696472167968750000000000000         2.38416194915771484375000000000000000E-0002
   8.20016908645629882812500000000000000         4.76832389831542968750000000000000000E-0002
   8.24785232543945312500000000000000000         4.76832389831542968750000000000000000E-0002
   8.29553556442260742187500000000000000         4.76832389831542968750000000000000000E-0002
   8.34321880340576171875000000000000000         4.76832389831542968750000000000000000E-0002
   8.39090204238891601562500000000000000         2.38416194915771484375000000000000000E-0002
   8.41474366188049316406250000000000000         2.38416194915771484375000000000000000E-0002
   8.43858528137207031250000000000000000         9.53664779663085937500000000000000000E-0002
   8.53395175933837890625000000000000000         1.19208097457885742187500000000000000E-0002
   8.54587256908416748046875000000000000         1.19208097457885742187500000000000000E-0002
   8.55779337882995605468750000000000000         2.38416194915771484375000000000000000E-0002
   8.58163499832153320312500000000000000         2.38416194915771484375000000000000000E-0002
   8.60547661781311035156250000000000000         2.38416194915771484375000000000000000E-0002
   8.62931823730468750000000000000000000         9.53664779663085937500000000000000000E-0002
   8.72468471527099609375000000000000000         1.19208097457885742187500000000000000E-0002
   8.73660552501678466796875000000000000         1.19208097457885742187500000000000000E-0002
   8.74852633476257324218750000000000000         1.19208097457885742187500000000000000E-0002
   8.76044714450836181640625000000000000         1.19208097457885742187500000000000000E-0002
   8.77236795425415039062500000000000000         4.76832389831542968750000000000000000E-0002
   8.82005119323730468750000000000000000         2.38416194915771484375000000000000000E-0002
   8.84389281272888183593750000000000000         2.38416194915771484375000000000000000E-0002
   8.86773443222045898437500000000000000         2.38416194915771484375000000000000000E-0002
   8.89157605171203613281250000000000000         2.38416194915771484375000000000000000E-0002
   8.91541767120361328125000000000000000         1.19208097457885742187500000000000000E-0002
   8.92733848094940185546875000000000000         1.19208097457885742187500000000000000E-0002
   8.93925929069519042968750000000000000         1.19208097457885742187500000000000000E-0002
   8.95118010044097900390625000000000000         1.19208097457885742187500000000000000E-0002
   8.96310091018676757812500000000000000         4.76832389831542968750000000000000000E-0002
   9.01078414916992187500000000000000000         4.76832389831542968750000000000000000E-0002
   9.05846738815307617187500000000000000         4.76832389831542968750000000000000000E-0002
   9.10615062713623046875000000000000000         2.38416194915771484375000000000000000E-0002
   9.12999224662780761718750000000000000         2.38416194915771484375000000000000000E-0002
   9.15383386611938476562500000000000000         4.76832389831542968750000000000000000E-0002
   9.20151710510253906250000000000000000         4.76832389831542968750000000000000000E-0002
   9.24920034408569335937500000000000000         1.19208097457885742187500000000000000E-0002
   9.26112115383148193359375000000000000         1.19208097457885742187500000000000000E-0002
   9.27304196357727050781250000000000000         2.38416194915771484375000000000000000E-0002
   9.29688358306884765625000000000000000         2.38416194915771484375000000000000000E-0002
   9.32072520256042480468750000000000000         2.38416194915771484375000000000000000E-0002
   9.34456682205200195312500000000000000         2.38416194915771484375000000000000000E-0002
   9.36840844154357910156250000000000000         2.38416194915771484375000000000000000E-0002
   9.39225006103515625000000000000000000        0.190732955932617187500000000000000000      
   9.58298301696777343750000000000000000         2.38416194915771484375000000000000000E-0002
   9.60682463645935058593750000000000000         2.38416194915771484375000000000000000E-0002
   9.63066625595092773437500000000000000         4.76832389831542968750000000000000000E-0002
   9.67834949493408203125000000000000000         4.76832389831542968750000000000000000E-0002
   9.72603273391723632812500000000000000         2.38416194915771484375000000000000000E-0002
   9.74987435340881347656250000000000000         2.38416194915771484375000000000000000E-0002
   9.77371597290039062500000000000000000         9.53664779663085937500000000000000000E-0002
   9.86908245086669921875000000000000000         2.38416194915771484375000000000000000E-0002
   9.89292407035827636718750000000000000         1.19208097457885742187500000000000000E-0002
   9.90484488010406494140625000000000000         1.19208097457885742187500000000000000E-0002
   9.91676568984985351562500000000000000         2.38416194915771484375000000000000000E-0002
   9.94060730934143066406250000000000000         2.38416194915771484375000000000000000E-0002
   9.96444892883300781250000000000000000         4.76832389831542968750000000000000000E-0002
   10.0121321678161621093750000000000000         4.76832389831542968750000000000000000E-0002
   10.0598154067993164062500000000000000         4.76832389831542968750000000000000000E-0002
   10.1074986457824707031250000000000000         4.76832389831542968750000000000000000E-0002
   10.1551818847656250000000000000000000         3.05172729492187500000000000000000000      
   13.2069091796875000000000000000000000        0.381465911865234375000000000000000000      
   13.5883750915527343750000000000000000         9.53664779663085937500000000000000000E-0002
   13.6837415695190429687500000000000000         9.53664779663085937500000000000000000E-0002
   13.7791080474853515625000000000000000        0.190732955932617187500000000000000000      
   13.9698410034179687500000000000000000         4.76832389831542968750000000000000000E-0002
   14.0175242424011230468750000000000000         4.76832389831542968750000000000000000E-0002
   14.0652074813842773437500000000000000         9.53664779663085937500000000000000000E-0002
   14.1605739593505859375000000000000000         9.53664779663085937500000000000000000E-0002
   14.2559404373168945312500000000000000         4.76832389831542968750000000000000000E-0002
   14.3036236763000488281250000000000000         4.76832389831542968750000000000000000E-0002
   14.3513069152832031250000000000000000        0.381465911865234375000000000000000000      
   14.7327728271484375000000000000000000         9.53664779663085937500000000000000000E-0002
   14.8281393051147460937500000000000000         4.76832389831542968750000000000000000E-0002
   14.8758225440979003906250000000000000         4.76832389831542968750000000000000000E-0002
   14.9235057830810546875000000000000000        0.190732955932617187500000000000000000      
   15.1142387390136718750000000000000000         9.53664779663085937500000000000000000E-0002
   15.2096052169799804687500000000000000         4.76832389831542968750000000000000000E-0002
   15.2572884559631347656250000000000000         4.76832389831542968750000000000000000E-0002
   15.3049716949462890625000000000000000         2.38416194915771484375000000000000000E-0002
   15.3288133144378662109375000000000000         2.38416194915771484375000000000000000E-0002
   15.3526549339294433593750000000000000         4.76832389831542968750000000000000000E-0002
   15.4003381729125976562500000000000000         9.53664779663085937500000000000000000E-0002
   15.4957046508789062500000000000000000         9.53664779663085937500000000000000000E-0002
   15.5910711288452148437500000000000000         4.76832389831542968750000000000000000E-0002
   15.6387543678283691406250000000000000         4.76832389831542968750000000000000000E-0002
   15.6864376068115234375000000000000000         9.53664779663085937500000000000000000E-0002
   15.7818040847778320312500000000000000         9.53664779663085937500000000000000000E-0002
   15.8771705627441406250000000000000000        0.190732955932617187500000000000000000      
   16.0679035186767578125000000000000000         9.53664779663085937500000000000000000E-0002
   16.1632699966430664062500000000000000         4.76832389831542968750000000000000000E-0002
   16.2109532356262207031250000000000000         2.38416194915771484375000000000000000E-0002
   16.2347948551177978515625000000000000         2.38416194915771484375000000000000000E-0002
   16.2586364746093750000000000000000000        0.190732955932617187500000000000000000      
   16.4493694305419921875000000000000000         9.53664779663085937500000000000000000E-0002
   16.5447359085083007812500000000000000         4.76832389831542968750000000000000000E-0002
   16.5924191474914550781250000000000000         4.76832389831542968750000000000000000E-0002
   16.6401023864746093750000000000000000         9.53664779663085937500000000000000000E-0002
   16.7354688644409179687500000000000000         4.76832389831542968750000000000000000E-0002
   16.7831521034240722656250000000000000         4.76832389831542968750000000000000000E-0002
   16.8308353424072265625000000000000000         4.76832389831542968750000000000000000E-0002
   16.8785185813903808593750000000000000         2.38416194915771484375000000000000000E-0002
   16.9023602008819580078125000000000000         2.38416194915771484375000000000000000E-0002
   16.9262018203735351562500000000000000         9.53664779663085937500000000000000000E-0002
   17.0215682983398437500000000000000000         4.76832389831542968750000000000000000E-0002
   17.0692515373229980468750000000000000         4.76832389831542968750000000000000000E-0002
   17.1169347763061523437500000000000000         4.76832389831542968750000000000000000E-0002
   17.1646180152893066406250000000000000         4.76832389831542968750000000000000000E-0002
   17.2123012542724609375000000000000000         2.38416194915771484375000000000000000E-0002
   17.2361428737640380859375000000000000         2.38416194915771484375000000000000000E-0002
   17.2599844932556152343750000000000000         4.76832389831542968750000000000000000E-0002
   17.3076677322387695312500000000000000         4.76832389831542968750000000000000000E-0002
   17.3553509712219238281250000000000000         4.76832389831542968750000000000000000E-0002
   17.4030342102050781250000000000000000         4.76832389831542968750000000000000000E-0002
   17.4507174491882324218750000000000000         2.38416194915771484375000000000000000E-0002
   17.4745590686798095703125000000000000         2.38416194915771484375000000000000000E-0002
   17.4984006881713867187500000000000000         9.53664779663085937500000000000000000E-0002
   17.5937671661376953125000000000000000         9.53664779663085937500000000000000000E-0002
   17.6891336441040039062500000000000000         9.53664779663085937500000000000000000E-0002
   17.7845001220703125000000000000000000        0.381465911865234375000000000000000000      
   18.1659660339355468750000000000000000         9.53664779663085937500000000000000000E-0002
   18.2613325119018554687500000000000000         4.76832389831542968750000000000000000E-0002
   18.3090157508850097656250000000000000         4.76832389831542968750000000000000000E-0002
   18.3566989898681640625000000000000000         9.53664779663085937500000000000000000E-0002
   18.4520654678344726562500000000000000         4.76832389831542968750000000000000000E-0002
   18.4997487068176269531250000000000000         2.38416194915771484375000000000000000E-0002
   18.5235903263092041015625000000000000         2.38416194915771484375000000000000000E-0002
   18.5474319458007812500000000000000000        0.190732955932617187500000000000000000      
   18.7381649017333984375000000000000000        0.190732955932617187500000000000000000      
   18.9288978576660156250000000000000000         9.53664779663085937500000000000000000E-0002
   19.0242643356323242187500000000000000         9.53664779663085937500000000000000000E-0002
   19.1196308135986328125000000000000000         4.76832389831542968750000000000000000E-0002
   19.1673140525817871093750000000000000         4.76832389831542968750000000000000000E-0002
   19.2149972915649414062500000000000000         9.53664779663085937500000000000000000E-0002
   19.3103637695312500000000000000000000         6.10345458984375000000000000000000000      
   25.4138183593750000000000000000000000         3.05172729492187500000000000000000000      
   28.4655456542968750000000000000000000        0.762931823730468750000000000000000000      
   29.2284774780273437500000000000000000        0.381465911865234375000000000000000000      
   29.6099433898925781250000000000000000        0.381465911865234375000000000000000000      
   29.9914093017578125000000000000000000        0.381465911865234375000000000000000000      
   30.3728752136230468750000000000000000        0.381465911865234375000000000000000000      
   30.7543411254882812500000000000000000        0.190732955932617187500000000000000000      
   30.9450740814208984375000000000000000         9.53664779663085937500000000000000000E-0002
   31.0404405593872070312500000000000000         9.53664779663085937500000000000000000E-0002
   31.1358070373535156250000000000000000        0.381465911865234375000000000000000000      
   31.5172729492187500000000000000000000        0.190732955932617187500000000000000000      
   31.7080059051513671875000000000000000        0.190732955932617187500000000000000000      
   31.8987388610839843750000000000000000        0.190732955932617187500000000000000000      
   32.0894718170166015625000000000000000        0.190732955932617187500000000000000000      
   32.2802047729492187500000000000000000        0.381465911865234375000000000000000000      
   32.6616706848144531250000000000000000        0.190732955932617187500000000000000000      
   32.8524036407470703125000000000000000        0.190732955932617187500000000000000000      
   33.0431365966796875000000000000000000        0.190732955932617187500000000000000000      
   33.2338695526123046875000000000000000        0.190732955932617187500000000000000000      
   33.4246025085449218750000000000000000        0.381465911865234375000000000000000000      
   33.8060684204101562500000000000000000        0.381465911865234375000000000000000000      
   34.1875343322753906250000000000000000        0.190732955932617187500000000000000000      
   34.3782672882080078125000000000000000        0.190732955932617187500000000000000000      
   34.5690002441406250000000000000000000         3.05172729492187500000000000000000000      
   37.6207275390625000000000000000000000         12.2069091796875000000000000000000000      
   49.8276367187500000000000000000000000         1.52586364746093750000000000000000000      
   51.3535003662109375000000000000000000        0.762931823730468750000000000000000000      
   52.1164321899414062500000000000000000        0.762931823730468750000000000000000000      
   52.8793640136718750000000000000000000        0.381465911865234375000000000000000000      
   53.2608299255371093750000000000000000        0.190732955932617187500000000000000000      
   53.4515628814697265625000000000000000        0.190732955932617187500000000000000000      
   53.6422958374023437500000000000000000        0.762931823730468750000000000000000000      
   54.4052276611328125000000000000000000         1.52586364746093750000000000000000000      
   55.9310913085937500000000000000000000        0.762931823730468750000000000000000000      
   56.6940231323242187500000000000000000        0.762931823730468750000000000000000000      
   57.4569549560546875000000000000000000         1.52586364746093750000000000000000000      
   58.9828186035156250000000000000000000        0.762931823730468750000000000000000000      
   59.7457504272460937500000000000000000        0.762931823730468750000000000000000000      
   60.5086822509765625000000000000000000         1.52586364746093750000000000000000000      
   62.0345458984375000000000000000000000         1.52586364746093750000000000000000000      
   63.5604095458984375000000000000000000         1.52586364746093750000000000000000000      
   65.0862731933593750000000000000000000         3.05172729492187500000000000000000000      
   68.1380004882812500000000000000000000         1.52586364746093750000000000000000000      
   69.6638641357421875000000000000000000         1.52586364746093750000000000000000000      
   71.1897277832031250000000000000000000         3.05172729492187500000000000000000000      
   74.2414550781250000000000000000000000         24.4138183593750000000000000000000000      
   98.6552734375000000000000000000000000         3.05172729492187500000000000000000000      
   101.707000732421875000000000000000000         3.05172729492187500000000000000000000      
   104.758728027343750000000000000000000         3.05172729492187500000000000000000000      
   107.810455322265625000000000000000000         3.05172729492187500000000000000000000      
   110.862182617187500000000000000000000         3.05172729492187500000000000000000000      
   113.913909912109375000000000000000000         3.05172729492187500000000000000000000      
   116.965637207031250000000000000000000         1.52586364746093750000000000000000000      
   118.491500854492187500000000000000000         1.52586364746093750000000000000000000      
   120.017364501953125000000000000000000         1.52586364746093750000000000000000000      
   121.543228149414062500000000000000000         1.52586364746093750000000000000000000      
   123.069091796875000000000000000000000         24.4138183593750000000000000000000000      
   147.482910156250000000000000000000000         48.8276367187500000000000000000000000      
   196.310546875000000000000000000000000         97.6552734375000000000000000000000000      
   293.965820312500000000000000000000000         12.2069091796875000000000000000000000      
   306.172729492187500000000000000000000         12.2069091796875000000000000000000000      
   318.379638671875000000000000000000000         24.4138183593750000000000000000000000      
   342.793457031250000000000000000000000         24.4138183593750000000000000000000000      
   367.207275390625000000000000000000000         24.4138183593750000000000000000000000      
   391.621093750000000000000000000000000         48.8276367187500000000000000000000000      
   440.448730468750000000000000000000000         48.8276367187500000000000000000000000      
   489.276367187500000000000000000000000         97.6552734375000000000000000000000000      
   586.931640625000000000000000000000000         195.310546875000000000000000000000000      
   782.242187500000000000000000000000000         390.621093750000000000000000000000000      
   1172.86328125000000000000000000000000         390.621093750000000000000000000000000      
   1563.48437500000000000000000000000000         781.242187500000000000000000000000000      
   2344.72656250000000000000000000000000         781.242187500000000000000000000000000      
   3125.96875000000000000000000000000000         3124.96875000000000000000000000000000      
   6250.93750000000000000000000000000000         6249.93750000000000000000000000000000      
   12500.8750000000000000000000000000000         6249.93750000000000000000000000000000      
   18750.8125000000000000000000000000000         6249.93750000000000000000000000000000      
   25000.7500000000000000000000000000000         24999.7500000000000000000000000000000      
   50000.5000000000000000000000000000000         49999.5000000000000000000000000000000      
