   1.76560239289657737310486862778194222E-0002   1.00000000000000000000000000000000005E-0001
   2.42319141929857073771805059178407988E-0004   1.00000000000000000000000000000000002E-0002
   9.28144271162750215690655633989210921E-0006   9.99999999999999999999999999999999943E-0004
   1.19046072963569693442352589123342834E-0005   9.99999999999999999999999999999999966E-0005
   1.01644019968330137653492042087705319E-0005   9.99999999999999999999999999999999966E-0006
   9.69879448446840837509140180100887584E-0006   9.99999999999999999999999999999999930E-0007
   9.90644674746942336502025660981796460E-0006   9.99999999999999999999999999999999976E-0008
   9.99142781360799337040280002800855556E-0006   1.00000000000000000000000000000000000E-0008
   1.00001869100254740941253085171021522E-0005   9.99999999999999999999999999999999932E-0010
   1.00006194017923523200031815210640035E-0005   9.99999999999999999999999999999999932E-0011
   1.00007327388879400134806338435653009E-0005   9.99999999999999999999999999999999904E-0012
   1.00007496159383201588872573475002922E-0005   9.99999999999999999999999999999999904E-0013
   1.00007519337521434791155482075198165E-0005   9.99999999999999999999999999999999904E-0014
   1.00007522660081407974398127271536601E-0005   9.99999999999999999999999999999999850E-0015
   1.00007523211130618125753068911729650E-0005   9.99999999999999999999999999999999815E-0016
   1.00007523297256871898102267954909389E-0005   9.99999999999999999999999999999999858E-0017
