   1.76557822082963075522384839268686579E-0002   1.00000000000000000000000000000000005E-0001
   2.42447783389081052183549602183054049E-0004   1.00000000000000000000000000000000002E-0002
   9.20266294179157976782904024609968875E-0006   9.99999999999999999999999999999999943E-0004
   8.53238701412577280343637324980779756E-0006   9.99999999999999999999999999999999966E-0005
   9.77145482708359624168901135692537009E-0006   9.99999999999999999999999999999999966E-0006
   9.77133609482793491502698878048734375E-0006   9.99999999999999999999999999999999930E-0007
   9.97842854032223243022221098382999934E-0006   9.99999999999999999999999999999999976E-0008
   9.88652772233074431849440009401249590E-0006   1.00000000000000000000000000000000000E-0008
   9.99994368823931525149895552927339297E-0006   9.99999999999999999999999999999999932E-0010
   1.00006244836213942187191287714466359E-0005   9.99999999999999999999999999999999932E-0011
   9.99995866159282772402176555136615057E-0006   9.99999999999999999999999999999999904E-0012
   1.00007493364091965063763132178552107E-0005   9.99999999999999999999999999999999904E-0013
   1.00007518332364147989364666049276278E-0005   9.99999999999999999999999999999999904E-0014
   1.00007522509839663007552919160826044E-0005   9.99999999999999999999999999999999850E-0015
   1.00007523188233702173128214064130418E-0005   9.99999999999999999999999999999999815E-0016
   1.00007523293900710779008716987198340E-0005   9.99999999999999999999999999999999858E-0017
