   1.00000000000000000000000000000000000        0.381465911865234375000000000000000000      
   1.38146591186523437500000000000000000        0.190732955932617187500000000000000000      
   1.57219886779785156250000000000000000         9.53664779663085937500000000000000000E-0002
   1.66756534576416015625000000000000000         4.76832389831542968750000000000000000E-0002
   1.71524858474731445312500000000000000         2.38416194915771484375000000000000000E-0002
   1.73909020423889160156250000000000000         1.19208097457885742187500000000000000E-0002
   1.75101101398468017578125000000000000         1.19208097457885742187500000000000000E-0002
   1.76293182373046875000000000000000000         5.96040487289428710937500000000000000E-0003
   1.76889222860336303710937500000000000         5.96040487289428710937500000000000000E-0003
   1.77485263347625732421875000000000000         2.98020243644714355468750000000000000E-0003
   1.77783283591270446777343750000000000         1.49010121822357177734375000000000000E-0003
   1.77932293713092803955078125000000000         1.49010121822357177734375000000000000E-0003
   1.78081303834915161132812500000000000         1.49010121822357177734375000000000000E-0003
   1.78230313956737518310546875000000000         1.49010121822357177734375000000000000E-0003
   1.78379324078559875488281250000000000         2.98020243644714355468750000000000000E-0003
   1.78677344322204589843750000000000000         2.98020243644714355468750000000000000E-0003
   1.78975364565849304199218750000000000         1.49010121822357177734375000000000000E-0003
   1.79124374687671661376953125000000000         1.49010121822357177734375000000000000E-0003
   1.79273384809494018554687500000000000         1.49010121822357177734375000000000000E-0003
   1.79422394931316375732421875000000000         1.49010121822357177734375000000000000E-0003
   1.79571405053138732910156250000000000         2.98020243644714355468750000000000000E-0003
   1.79869425296783447265625000000000000         2.98020243644714355468750000000000000E-0003
   1.80167445540428161621093750000000000         1.49010121822357177734375000000000000E-0003
   1.80316455662250518798828125000000000         1.49010121822357177734375000000000000E-0003
   1.80465465784072875976562500000000000         1.49010121822357177734375000000000000E-0003
   1.80614475905895233154296875000000000         1.49010121822357177734375000000000000E-0003
   1.80763486027717590332031250000000000         1.49010121822357177734375000000000000E-0003
   1.80912496149539947509765625000000000         1.49010121822357177734375000000000000E-0003
   1.81061506271362304687500000000000000         5.96040487289428710937500000000000000E-0003
   1.81657546758651733398437500000000000         2.98020243644714355468750000000000000E-0003
   1.81955567002296447753906250000000000         2.98020243644714355468750000000000000E-0003
   1.82253587245941162109375000000000000         1.19208097457885742187500000000000000E-0002
   1.83445668220520019531250000000000000         1.49010121822357177734375000000000000E-0003
   1.83594678342342376708984375000000000         1.49010121822357177734375000000000000E-0003
   1.83743688464164733886718750000000000         2.98020243644714355468750000000000000E-0003
   1.84041708707809448242187500000000000         2.98020243644714355468750000000000000E-0003
   1.84339728951454162597656250000000000         2.98020243644714355468750000000000000E-0003
   1.84637749195098876953125000000000000         2.98020243644714355468750000000000000E-0003
   1.84935769438743591308593750000000000         2.98020243644714355468750000000000000E-0003
   1.85233789682388305664062500000000000         1.49010121822357177734375000000000000E-0003
   1.85382799804210662841796875000000000         1.49010121822357177734375000000000000E-0003
   1.85531809926033020019531250000000000         1.49010121822357177734375000000000000E-0003
   1.85680820047855377197265625000000000         1.49010121822357177734375000000000000E-0003
   1.85829830169677734375000000000000000         2.98020243644714355468750000000000000E-0003
   1.86127850413322448730468750000000000         2.98020243644714355468750000000000000E-0003
   1.86425870656967163085937500000000000         1.49010121822357177734375000000000000E-0003
   1.86574880778789520263671875000000000         1.49010121822357177734375000000000000E-0003
   1.86723890900611877441406250000000000         2.98020243644714355468750000000000000E-0003
   1.87021911144256591796875000000000000         5.96040487289428710937500000000000000E-0003
   1.87617951631546020507812500000000000         1.49010121822357177734375000000000000E-0003
   1.87766961753368377685546875000000000         1.49010121822357177734375000000000000E-0003
   1.87915971875190734863281250000000000         2.98020243644714355468750000000000000E-0003
   1.88213992118835449218750000000000000         2.98020243644714355468750000000000000E-0003
   1.88512012362480163574218750000000000         2.98020243644714355468750000000000000E-0003
   1.88810032606124877929687500000000000         5.96040487289428710937500000000000000E-0003
   1.89406073093414306640625000000000000         2.98020243644714355468750000000000000E-0003
   1.89704093337059020996093750000000000         1.49010121822357177734375000000000000E-0003
   1.89853103458881378173828125000000000         1.49010121822357177734375000000000000E-0003
   1.90002113580703735351562500000000000         5.96040487289428710937500000000000000E-0003
   1.90598154067993164062500000000000000         1.49010121822357177734375000000000000E-0003
   1.90747164189815521240234375000000000         1.49010121822357177734375000000000000E-0003
   1.90896174311637878417968750000000000         2.98020243644714355468750000000000000E-0003
   1.91194194555282592773437500000000000         2.98020243644714355468750000000000000E-0003
   1.91492214798927307128906250000000000         2.98020243644714355468750000000000000E-0003
   1.91790235042572021484375000000000000         1.49010121822357177734375000000000000E-0003
   1.91939245164394378662109375000000000         1.49010121822357177734375000000000000E-0003
   1.92088255286216735839843750000000000         1.49010121822357177734375000000000000E-0003
   1.92237265408039093017578125000000000         1.49010121822357177734375000000000000E-0003
   1.92386275529861450195312500000000000         2.98020243644714355468750000000000000E-0003
   1.92684295773506164550781250000000000         7.45050609111785888671875000000000000E-0004
   1.92758800834417343139648437500000000         7.45050609111785888671875000000000000E-0004
   1.92833305895328521728515625000000000         1.49010121822357177734375000000000000E-0003
   1.92982316017150878906250000000000000         2.98020243644714355468750000000000000E-0003
   1.93280336260795593261718750000000000         2.98020243644714355468750000000000000E-0003
   1.93578356504440307617187500000000000         2.98020243644714355468750000000000000E-0003
   1.93876376748085021972656250000000000         2.98020243644714355468750000000000000E-0003
   1.94174396991729736328125000000000000         1.19208097457885742187500000000000000E-0002
   1.95366477966308593750000000000000000         9.53664779663085937500000000000000000E-0002
   2.04903125762939453125000000000000000         1.19208097457885742187500000000000000E-0002
   2.06095206737518310546875000000000000         5.96040487289428710937500000000000000E-0003
   2.06691247224807739257812500000000000         5.96040487289428710937500000000000000E-0003
   2.07287287712097167968750000000000000         5.96040487289428710937500000000000000E-0003
   2.07883328199386596679687500000000000         2.98020243644714355468750000000000000E-0003
   2.08181348443031311035156250000000000         2.98020243644714355468750000000000000E-0003
   2.08479368686676025390625000000000000         1.49010121822357177734375000000000000E-0003
   2.08628378808498382568359375000000000         1.49010121822357177734375000000000000E-0003
   2.08777388930320739746093750000000000         1.49010121822357177734375000000000000E-0003
   2.08926399052143096923828125000000000         1.49010121822357177734375000000000000E-0003
   2.09075409173965454101562500000000000         2.98020243644714355468750000000000000E-0003
   2.09373429417610168457031250000000000         2.98020243644714355468750000000000000E-0003
   2.09671449661254882812500000000000000         5.96040487289428710937500000000000000E-0003
   2.10267490148544311523437500000000000         5.96040487289428710937500000000000000E-0003
   2.10863530635833740234375000000000000         5.96040487289428710937500000000000000E-0003
   2.11459571123123168945312500000000000         5.96040487289428710937500000000000000E-0003
   2.12055611610412597656250000000000000         2.98020243644714355468750000000000000E-0003
   2.12353631854057312011718750000000000         2.98020243644714355468750000000000000E-0003
   2.12651652097702026367187500000000000         5.96040487289428710937500000000000000E-0003
   2.13247692584991455078125000000000000         1.19208097457885742187500000000000000E-0002
   2.14439773559570312500000000000000000         2.98020243644714355468750000000000000E-0003
   2.14737793803215026855468750000000000         2.98020243644714355468750000000000000E-0003
   2.15035814046859741210937500000000000         2.98020243644714355468750000000000000E-0003
   2.15333834290504455566406250000000000         2.98020243644714355468750000000000000E-0003
   2.15631854534149169921875000000000000         2.98020243644714355468750000000000000E-0003
   2.15929874777793884277343750000000000         2.98020243644714355468750000000000000E-0003
   2.16227895021438598632812500000000000         1.49010121822357177734375000000000000E-0003
   2.16376905143260955810546875000000000         1.49010121822357177734375000000000000E-0003
   2.16525915265083312988281250000000000         2.98020243644714355468750000000000000E-0003
   2.16823935508728027343750000000000000         1.49010121822357177734375000000000000E-0003
   2.16972945630550384521484375000000000         1.49010121822357177734375000000000000E-0003
   2.17121955752372741699218750000000000         1.49010121822357177734375000000000000E-0003
   2.17270965874195098876953125000000000         1.49010121822357177734375000000000000E-0003
   2.17419975996017456054687500000000000         1.49010121822357177734375000000000000E-0003
   2.17568986117839813232421875000000000         1.49010121822357177734375000000000000E-0003
   2.17717996239662170410156250000000000         2.98020243644714355468750000000000000E-0003
   2.18016016483306884765625000000000000         1.49010121822357177734375000000000000E-0003
   2.18165026605129241943359375000000000         1.49010121822357177734375000000000000E-0003
   2.18314036726951599121093750000000000         1.49010121822357177734375000000000000E-0003
   2.18463046848773956298828125000000000         1.49010121822357177734375000000000000E-0003
   2.18612056970596313476562500000000000         2.98020243644714355468750000000000000E-0003
   2.18910077214241027832031250000000000         1.49010121822357177734375000000000000E-0003
   2.19059087336063385009765625000000000         1.49010121822357177734375000000000000E-0003
   2.19208097457885742187500000000000000         2.98020243644714355468750000000000000E-0003
   2.19506117701530456542968750000000000         2.98020243644714355468750000000000000E-0003
   2.19804137945175170898437500000000000         2.98020243644714355468750000000000000E-0003
   2.20102158188819885253906250000000000         2.98020243644714355468750000000000000E-0003
   2.20400178432464599609375000000000000         1.19208097457885742187500000000000000E-0002
   2.21592259407043457031250000000000000         2.98020243644714355468750000000000000E-0003
   2.21890279650688171386718750000000000         1.49010121822357177734375000000000000E-0003
   2.22039289772510528564453125000000000         1.49010121822357177734375000000000000E-0003
   2.22188299894332885742187500000000000         2.98020243644714355468750000000000000E-0003
   2.22486320137977600097656250000000000         2.98020243644714355468750000000000000E-0003
   2.22784340381622314453125000000000000         5.96040487289428710937500000000000000E-0003
   2.23380380868911743164062500000000000         2.98020243644714355468750000000000000E-0003
   2.23678401112556457519531250000000000         2.98020243644714355468750000000000000E-0003
   2.23976421356201171875000000000000000         1.19208097457885742187500000000000000E-0002
   2.25168502330780029296875000000000000         2.98020243644714355468750000000000000E-0003
   2.25466522574424743652343750000000000         1.49010121822357177734375000000000000E-0003
   2.25615532696247100830078125000000000         1.49010121822357177734375000000000000E-0003
   2.25764542818069458007812500000000000         1.49010121822357177734375000000000000E-0003
   2.25913552939891815185546875000000000         1.49010121822357177734375000000000000E-0003
   2.26062563061714172363281250000000000         2.98020243644714355468750000000000000E-0003
   2.26360583305358886718750000000000000         5.96040487289428710937500000000000000E-0003
   2.26956623792648315429687500000000000         5.96040487289428710937500000000000000E-0003
   2.27552664279937744140625000000000000         1.49010121822357177734375000000000000E-0003
   2.27701674401760101318359375000000000         1.49010121822357177734375000000000000E-0003
   2.27850684523582458496093750000000000         2.98020243644714355468750000000000000E-0003
   2.28148704767227172851562500000000000         2.98020243644714355468750000000000000E-0003
   2.28446725010871887207031250000000000         2.98020243644714355468750000000000000E-0003
   2.28744745254516601562500000000000000         5.96040487289428710937500000000000000E-0003
   2.29340785741806030273437500000000000         5.96040487289428710937500000000000000E-0003
   2.29936826229095458984375000000000000         2.98020243644714355468750000000000000E-0003
   2.30234846472740173339843750000000000         2.98020243644714355468750000000000000E-0003
   2.30532866716384887695312500000000000         5.96040487289428710937500000000000000E-0003
   2.31128907203674316406250000000000000         5.96040487289428710937500000000000000E-0003
   2.31724947690963745117187500000000000         1.49010121822357177734375000000000000E-0003
   2.31873957812786102294921875000000000         1.49010121822357177734375000000000000E-0003
   2.32022967934608459472656250000000000         2.98020243644714355468750000000000000E-0003
   2.32320988178253173828125000000000000         2.98020243644714355468750000000000000E-0003
   2.32619008421897888183593750000000000         2.98020243644714355468750000000000000E-0003
   2.32917028665542602539062500000000000         5.96040487289428710937500000000000000E-0003
   2.33513069152832031250000000000000000         2.98020243644714355468750000000000000E-0003
   2.33811089396476745605468750000000000         1.49010121822357177734375000000000000E-0003
   2.33960099518299102783203125000000000         1.49010121822357177734375000000000000E-0003
   2.34109109640121459960937500000000000         2.98020243644714355468750000000000000E-0003
   2.34407129883766174316406250000000000         2.98020243644714355468750000000000000E-0003
   2.34705150127410888671875000000000000         1.49010121822357177734375000000000000E-0003
   2.34854160249233245849609375000000000         1.49010121822357177734375000000000000E-0003
   2.35003170371055603027343750000000000         2.98020243644714355468750000000000000E-0003
   2.35301190614700317382812500000000000         2.98020243644714355468750000000000000E-0003
   2.35599210858345031738281250000000000         2.98020243644714355468750000000000000E-0003
   2.35897231101989746093750000000000000         5.96040487289428710937500000000000000E-0003
   2.36493271589279174804687500000000000         2.98020243644714355468750000000000000E-0003
   2.36791291832923889160156250000000000         2.98020243644714355468750000000000000E-0003
   2.37089312076568603515625000000000000         2.98020243644714355468750000000000000E-0003
   2.37387332320213317871093750000000000         2.98020243644714355468750000000000000E-0003
   2.37685352563858032226562500000000000         2.98020243644714355468750000000000000E-0003
   2.37983372807502746582031250000000000         2.98020243644714355468750000000000000E-0003
   2.38281393051147460937500000000000000         5.96040487289428710937500000000000000E-0003
   2.38877433538436889648437500000000000         2.98020243644714355468750000000000000E-0003
   2.39175453782081604003906250000000000         2.98020243644714355468750000000000000E-0003
   2.39473474025726318359375000000000000         5.96040487289428710937500000000000000E-0003
   2.40069514513015747070312500000000000         5.96040487289428710937500000000000000E-0003
   2.40665555000305175781250000000000000         1.19208097457885742187500000000000000E-0002
   2.41857635974884033203125000000000000         5.96040487289428710937500000000000000E-0003
   2.42453676462173461914062500000000000         5.96040487289428710937500000000000000E-0003
   2.43049716949462890625000000000000000         4.76832389831542968750000000000000000E-0002
   2.47818040847778320312500000000000000         1.19208097457885742187500000000000000E-0002
   2.49010121822357177734375000000000000         5.96040487289428710937500000000000000E-0003
   2.49606162309646606445312500000000000         2.98020243644714355468750000000000000E-0003
   2.49904182553291320800781250000000000         2.98020243644714355468750000000000000E-0003
   2.50202202796936035156250000000000000         5.96040487289428710937500000000000000E-0003
   2.50798243284225463867187500000000000         2.98020243644714355468750000000000000E-0003
   2.51096263527870178222656250000000000         2.98020243644714355468750000000000000E-0003
   2.51394283771514892578125000000000000         1.49010121822357177734375000000000000E-0003
   2.51543293893337249755859375000000000         1.49010121822357177734375000000000000E-0003
   2.51692304015159606933593750000000000         2.98020243644714355468750000000000000E-0003
   2.51990324258804321289062500000000000         2.98020243644714355468750000000000000E-0003
   2.52288344502449035644531250000000000         1.49010121822357177734375000000000000E-0003
   2.52437354624271392822265625000000000         1.49010121822357177734375000000000000E-0003
   2.52586364746093750000000000000000000         2.38416194915771484375000000000000000E-0002
   2.54970526695251464843750000000000000         2.98020243644714355468750000000000000E-0003
   2.55268546938896179199218750000000000         2.98020243644714355468750000000000000E-0003
   2.55566567182540893554687500000000000         5.96040487289428710937500000000000000E-0003
   2.56162607669830322265625000000000000         5.96040487289428710937500000000000000E-0003
   2.56758648157119750976562500000000000         2.98020243644714355468750000000000000E-0003
   2.57056668400764465332031250000000000         2.98020243644714355468750000000000000E-0003
   2.57354688644409179687500000000000000         2.38416194915771484375000000000000000E-0002
   2.59738850593566894531250000000000000         2.98020243644714355468750000000000000E-0003
   2.60036870837211608886718750000000000         2.98020243644714355468750000000000000E-0003
   2.60334891080856323242187500000000000         5.96040487289428710937500000000000000E-0003
   2.60930931568145751953125000000000000         2.98020243644714355468750000000000000E-0003
   2.61228951811790466308593750000000000         2.98020243644714355468750000000000000E-0003
   2.61526972055435180664062500000000000         5.96040487289428710937500000000000000E-0003
   2.62123012542724609375000000000000000         5.96040487289428710937500000000000000E-0003
   2.62719053030014038085937500000000000         2.98020243644714355468750000000000000E-0003
   2.63017073273658752441406250000000000         2.98020243644714355468750000000000000E-0003
   2.63315093517303466796875000000000000         1.19208097457885742187500000000000000E-0002
   2.64507174491882324218750000000000000         5.96040487289428710937500000000000000E-0003
   2.65103214979171752929687500000000000         5.96040487289428710937500000000000000E-0003
   2.65699255466461181640625000000000000         1.19208097457885742187500000000000000E-0002
   2.66891336441040039062500000000000000         1.19208097457885742187500000000000000E-0002
   2.68083417415618896484375000000000000         2.98020243644714355468750000000000000E-0003
   2.68381437659263610839843750000000000         1.49010121822357177734375000000000000E-0003
   2.68530447781085968017578125000000000         1.49010121822357177734375000000000000E-0003
   2.68679457902908325195312500000000000         5.96040487289428710937500000000000000E-0003
   2.69275498390197753906250000000000000         1.19208097457885742187500000000000000E-0002
   2.70467579364776611328125000000000000         1.19208097457885742187500000000000000E-0002
   2.71659660339355468750000000000000000         2.38416194915771484375000000000000000E-0002
   2.74043822288513183593750000000000000         1.19208097457885742187500000000000000E-0002
   2.75235903263092041015625000000000000         5.96040487289428710937500000000000000E-0003
   2.75831943750381469726562500000000000         5.96040487289428710937500000000000000E-0003
   2.76427984237670898437500000000000000         1.19208097457885742187500000000000000E-0002
   2.77620065212249755859375000000000000         2.98020243644714355468750000000000000E-0003
   2.77918085455894470214843750000000000         2.98020243644714355468750000000000000E-0003
   2.78216105699539184570312500000000000         2.98020243644714355468750000000000000E-0003
   2.78514125943183898925781250000000000         2.98020243644714355468750000000000000E-0003
   2.78812146186828613281250000000000000         5.96040487289428710937500000000000000E-0003
   2.79408186674118041992187500000000000         2.98020243644714355468750000000000000E-0003
   2.79706206917762756347656250000000000         2.98020243644714355468750000000000000E-0003
   2.80004227161407470703125000000000000         5.96040487289428710937500000000000000E-0003
   2.80600267648696899414062500000000000         2.98020243644714355468750000000000000E-0003
   2.80898287892341613769531250000000000         2.98020243644714355468750000000000000E-0003
   2.81196308135986328125000000000000000         2.38416194915771484375000000000000000E-0002
   2.83580470085144042968750000000000000         2.98020243644714355468750000000000000E-0003
   2.83878490328788757324218750000000000         2.98020243644714355468750000000000000E-0003
   2.84176510572433471679687500000000000         5.96040487289428710937500000000000000E-0003
   2.84772551059722900390625000000000000         2.98020243644714355468750000000000000E-0003
   2.85070571303367614746093750000000000         2.98020243644714355468750000000000000E-0003
   2.85368591547012329101562500000000000         5.96040487289428710937500000000000000E-0003
   2.85964632034301757812500000000000000         2.38416194915771484375000000000000000E-0002
   2.88348793983459472656250000000000000         1.19208097457885742187500000000000000E-0002
   2.89540874958038330078125000000000000         5.96040487289428710937500000000000000E-0003
   2.90136915445327758789062500000000000         5.96040487289428710937500000000000000E-0003
   2.90732955932617187500000000000000000         2.98020243644714355468750000000000000E-0003
   2.91030976176261901855468750000000000         2.98020243644714355468750000000000000E-0003
   2.91328996419906616210937500000000000         5.96040487289428710937500000000000000E-0003
   2.91925036907196044921875000000000000         1.19208097457885742187500000000000000E-0002
   2.93117117881774902343750000000000000         5.96040487289428710937500000000000000E-0003
   2.93713158369064331054687500000000000         5.96040487289428710937500000000000000E-0003
   2.94309198856353759765625000000000000         5.96040487289428710937500000000000000E-0003
   2.94905239343643188476562500000000000         2.98020243644714355468750000000000000E-0003
   2.95203259587287902832031250000000000         2.98020243644714355468750000000000000E-0003
   2.95501279830932617187500000000000000         5.96040487289428710937500000000000000E-0003
   2.96097320318222045898437500000000000         5.96040487289428710937500000000000000E-0003
   2.96693360805511474609375000000000000         2.98020243644714355468750000000000000E-0003
   2.96991381049156188964843750000000000         2.98020243644714355468750000000000000E-0003
   2.97289401292800903320312500000000000         5.96040487289428710937500000000000000E-0003
   2.97885441780090332031250000000000000         2.38416194915771484375000000000000000E-0002
   3.00269603729248046875000000000000000         5.96040487289428710937500000000000000E-0003
   3.00865644216537475585937500000000000         5.96040487289428710937500000000000000E-0003
   3.01461684703826904296875000000000000         5.96040487289428710937500000000000000E-0003
   3.02057725191116333007812500000000000         5.96040487289428710937500000000000000E-0003
   3.02653765678405761718750000000000000         2.98020243644714355468750000000000000E-0003
   3.02951785922050476074218750000000000         2.98020243644714355468750000000000000E-0003
   3.03249806165695190429687500000000000         2.98020243644714355468750000000000000E-0003
   3.03547826409339904785156250000000000         2.98020243644714355468750000000000000E-0003
   3.03845846652984619140625000000000000         1.19208097457885742187500000000000000E-0002
   3.05037927627563476562500000000000000         5.96040487289428710937500000000000000E-0003
   3.05633968114852905273437500000000000         5.96040487289428710937500000000000000E-0003
   3.06230008602142333984375000000000000         5.96040487289428710937500000000000000E-0003
   3.06826049089431762695312500000000000         5.96040487289428710937500000000000000E-0003
   3.07422089576721191406250000000000000         5.96040487289428710937500000000000000E-0003
   3.08018130064010620117187500000000000         5.96040487289428710937500000000000000E-0003
   3.08614170551300048828125000000000000         5.96040487289428710937500000000000000E-0003
   3.09210211038589477539062500000000000         5.96040487289428710937500000000000000E-0003
   3.09806251525878906250000000000000000         2.98020243644714355468750000000000000E-0003
   3.10104271769523620605468750000000000         2.98020243644714355468750000000000000E-0003
   3.10402292013168334960937500000000000         5.96040487289428710937500000000000000E-0003
   3.10998332500457763671875000000000000         2.98020243644714355468750000000000000E-0003
   3.11296352744102478027343750000000000         2.98020243644714355468750000000000000E-0003
   3.11594372987747192382812500000000000         5.96040487289428710937500000000000000E-0003
   3.12190413475036621093750000000000000         2.38416194915771484375000000000000000E-0002
   3.14574575424194335937500000000000000         2.38416194915771484375000000000000000E-0002
   3.16958737373352050781250000000000000         1.19208097457885742187500000000000000E-0002
   3.18150818347930908203125000000000000         5.96040487289428710937500000000000000E-0003
   3.18746858835220336914062500000000000         5.96040487289428710937500000000000000E-0003
   3.19342899322509765625000000000000000         1.19208097457885742187500000000000000E-0002
   3.20534980297088623046875000000000000         1.19208097457885742187500000000000000E-0002
   3.21727061271667480468750000000000000         1.19208097457885742187500000000000000E-0002
   3.22919142246246337890625000000000000         1.19208097457885742187500000000000000E-0002
   3.24111223220825195312500000000000000         4.76832389831542968750000000000000000E-0002
   3.28879547119140625000000000000000000         1.19208097457885742187500000000000000E-0002
   3.30071628093719482421875000000000000         5.96040487289428710937500000000000000E-0003
   3.30667668581008911132812500000000000         5.96040487289428710937500000000000000E-0003
   3.31263709068298339843750000000000000         5.96040487289428710937500000000000000E-0003
   3.31859749555587768554687500000000000         5.96040487289428710937500000000000000E-0003
   3.32455790042877197265625000000000000         5.96040487289428710937500000000000000E-0003
   3.33051830530166625976562500000000000         5.96040487289428710937500000000000000E-0003
   3.33647871017456054687500000000000000         4.76832389831542968750000000000000000E-0002
   3.38416194915771484375000000000000000         9.53664779663085937500000000000000000E-0002
   3.47952842712402343750000000000000000         2.38416194915771484375000000000000000E-0002
   3.50337004661560058593750000000000000         2.38416194915771484375000000000000000E-0002
   3.52721166610717773437500000000000000         1.19208097457885742187500000000000000E-0002
   3.53913247585296630859375000000000000         5.96040487289428710937500000000000000E-0003
   3.54509288072586059570312500000000000         5.96040487289428710937500000000000000E-0003
   3.55105328559875488281250000000000000         5.96040487289428710937500000000000000E-0003
   3.55701369047164916992187500000000000         5.96040487289428710937500000000000000E-0003
   3.56297409534454345703125000000000000         1.19208097457885742187500000000000000E-0002
   3.57489490509033203125000000000000000         5.96040487289428710937500000000000000E-0003
   3.58085530996322631835937500000000000         2.98020243644714355468750000000000000E-0003
   3.58383551239967346191406250000000000         2.98020243644714355468750000000000000E-0003
   3.58681571483612060546875000000000000         5.96040487289428710937500000000000000E-0003
   3.59277611970901489257812500000000000         5.96040487289428710937500000000000000E-0003
   3.59873652458190917968750000000000000         2.98020243644714355468750000000000000E-0003
   3.60171672701835632324218750000000000         2.98020243644714355468750000000000000E-0003
   3.60469692945480346679687500000000000         5.96040487289428710937500000000000000E-0003
   3.61065733432769775390625000000000000         2.98020243644714355468750000000000000E-0003
   3.61363753676414489746093750000000000         2.98020243644714355468750000000000000E-0003
   3.61661773920059204101562500000000000         5.96040487289428710937500000000000000E-0003
   3.62257814407348632812500000000000000         1.19208097457885742187500000000000000E-0002
   3.63449895381927490234375000000000000         1.19208097457885742187500000000000000E-0002
   3.64641976356506347656250000000000000         2.38416194915771484375000000000000000E-0002
   3.67026138305664062500000000000000000         2.38416194915771484375000000000000000E-0002
   3.69410300254821777343750000000000000         1.19208097457885742187500000000000000E-0002
   3.70602381229400634765625000000000000         5.96040487289428710937500000000000000E-0003
   3.71198421716690063476562500000000000         5.96040487289428710937500000000000000E-0003
   3.71794462203979492187500000000000000         2.98020243644714355468750000000000000E-0003
   3.72092482447624206542968750000000000         2.98020243644714355468750000000000000E-0003
   3.72390502691268920898437500000000000         5.96040487289428710937500000000000000E-0003
   3.72986543178558349609375000000000000         5.96040487289428710937500000000000000E-0003
   3.73582583665847778320312500000000000         5.96040487289428710937500000000000000E-0003
   3.74178624153137207031250000000000000         2.38416194915771484375000000000000000E-0002
   3.76562786102294921875000000000000000         2.38416194915771484375000000000000000E-0002
   3.78946948051452636718750000000000000         1.19208097457885742187500000000000000E-0002
   3.80139029026031494140625000000000000         1.19208097457885742187500000000000000E-0002
   3.81331110000610351562500000000000000         1.19208097457885742187500000000000000E-0002
   3.82523190975189208984375000000000000         1.19208097457885742187500000000000000E-0002
   3.83715271949768066406250000000000000         5.96040487289428710937500000000000000E-0003
   3.84311312437057495117187500000000000         5.96040487289428710937500000000000000E-0003
   3.84907352924346923828125000000000000         2.98020243644714355468750000000000000E-0003
   3.85205373167991638183593750000000000         2.98020243644714355468750000000000000E-0003
   3.85503393411636352539062500000000000         5.96040487289428710937500000000000000E-0003
   3.86099433898925781250000000000000000         5.96040487289428710937500000000000000E-0003
   3.86695474386215209960937500000000000         2.98020243644714355468750000000000000E-0003
   3.86993494629859924316406250000000000         2.98020243644714355468750000000000000E-0003
   3.87291514873504638671875000000000000         1.19208097457885742187500000000000000E-0002
   3.88483595848083496093750000000000000         1.19208097457885742187500000000000000E-0002
   3.89675676822662353515625000000000000         5.96040487289428710937500000000000000E-0003
   3.90271717309951782226562500000000000         5.96040487289428710937500000000000000E-0003
   3.90867757797241210937500000000000000         4.76832389831542968750000000000000000E-0002
   3.95636081695556640625000000000000000         9.53664779663085937500000000000000000E-0002
   4.05172729492187500000000000000000000         1.19208097457885742187500000000000000E-0002
   4.06364810466766357421875000000000000         1.19208097457885742187500000000000000E-0002
   4.07556891441345214843750000000000000         2.38416194915771484375000000000000000E-0002
   4.09941053390502929687500000000000000         1.19208097457885742187500000000000000E-0002
   4.11133134365081787109375000000000000         5.96040487289428710937500000000000000E-0003
   4.11729174852371215820312500000000000         5.96040487289428710937500000000000000E-0003
   4.12325215339660644531250000000000000         1.19208097457885742187500000000000000E-0002
   4.13517296314239501953125000000000000         1.19208097457885742187500000000000000E-0002
   4.14709377288818359375000000000000000         1.19208097457885742187500000000000000E-0002
   4.15901458263397216796875000000000000         5.96040487289428710937500000000000000E-0003
   4.16497498750686645507812500000000000         5.96040487289428710937500000000000000E-0003
   4.17093539237976074218750000000000000         5.96040487289428710937500000000000000E-0003
   4.17689579725265502929687500000000000         5.96040487289428710937500000000000000E-0003
   4.18285620212554931640625000000000000         1.19208097457885742187500000000000000E-0002
   4.19477701187133789062500000000000000         5.96040487289428710937500000000000000E-0003
   4.20073741674423217773437500000000000         5.96040487289428710937500000000000000E-0003
   4.20669782161712646484375000000000000         2.98020243644714355468750000000000000E-0003
   4.20967802405357360839843750000000000         2.98020243644714355468750000000000000E-0003
   4.21265822649002075195312500000000000         5.96040487289428710937500000000000000E-0003
   4.21861863136291503906250000000000000         1.19208097457885742187500000000000000E-0002
   4.23053944110870361328125000000000000         5.96040487289428710937500000000000000E-0003
   4.23649984598159790039062500000000000         5.96040487289428710937500000000000000E-0003
   4.24246025085449218750000000000000000         2.38416194915771484375000000000000000E-0002
   4.26630187034606933593750000000000000         2.38416194915771484375000000000000000E-0002
   4.29014348983764648437500000000000000         5.96040487289428710937500000000000000E-0003
   4.29610389471054077148437500000000000         5.96040487289428710937500000000000000E-0003
   4.30206429958343505859375000000000000         5.96040487289428710937500000000000000E-0003
   4.30802470445632934570312500000000000         5.96040487289428710937500000000000000E-0003
   4.31398510932922363281250000000000000         5.96040487289428710937500000000000000E-0003
   4.31994551420211791992187500000000000         5.96040487289428710937500000000000000E-0003
   4.32590591907501220703125000000000000         1.19208097457885742187500000000000000E-0002
   4.33782672882080078125000000000000000         2.38416194915771484375000000000000000E-0002
   4.36166834831237792968750000000000000         2.38416194915771484375000000000000000E-0002
   4.38550996780395507812500000000000000         1.19208097457885742187500000000000000E-0002
   4.39743077754974365234375000000000000         2.98020243644714355468750000000000000E-0003
   4.40041097998619079589843750000000000         2.98020243644714355468750000000000000E-0003
   4.40339118242263793945312500000000000         2.98020243644714355468750000000000000E-0003
   4.40637138485908508300781250000000000         2.98020243644714355468750000000000000E-0003
   4.40935158729553222656250000000000000         1.19208097457885742187500000000000000E-0002
   4.42127239704132080078125000000000000         1.19208097457885742187500000000000000E-0002
   4.43319320678710937500000000000000000         5.96040487289428710937500000000000000E-0003
   4.43915361166000366210937500000000000         5.96040487289428710937500000000000000E-0003
   4.44511401653289794921875000000000000         5.96040487289428710937500000000000000E-0003
   4.45107442140579223632812500000000000         5.96040487289428710937500000000000000E-0003
   4.45703482627868652343750000000000000         2.38416194915771484375000000000000000E-0002
   4.48087644577026367187500000000000000         1.19208097457885742187500000000000000E-0002
   4.49279725551605224609375000000000000         1.19208097457885742187500000000000000E-0002
   4.50471806526184082031250000000000000         1.19208097457885742187500000000000000E-0002
   4.51663887500762939453125000000000000         1.19208097457885742187500000000000000E-0002
   4.52855968475341796875000000000000000         1.19208097457885742187500000000000000E-0002
   4.54048049449920654296875000000000000         5.96040487289428710937500000000000000E-0003
   4.54644089937210083007812500000000000         5.96040487289428710937500000000000000E-0003
   4.55240130424499511718750000000000000         2.38416194915771484375000000000000000E-0002
   4.57624292373657226562500000000000000         2.38416194915771484375000000000000000E-0002
   4.60008454322814941406250000000000000         2.98020243644714355468750000000000000E-0003
   4.60306474566459655761718750000000000         2.98020243644714355468750000000000000E-0003
   4.60604494810104370117187500000000000         5.96040487289428710937500000000000000E-0003
   4.61200535297393798828125000000000000         5.96040487289428710937500000000000000E-0003
   4.61796575784683227539062500000000000         5.96040487289428710937500000000000000E-0003
   4.62392616271972656250000000000000000         5.96040487289428710937500000000000000E-0003
   4.62988656759262084960937500000000000         5.96040487289428710937500000000000000E-0003
   4.63584697246551513671875000000000000         2.98020243644714355468750000000000000E-0003
   4.63882717490196228027343750000000000         2.98020243644714355468750000000000000E-0003
   4.64180737733840942382812500000000000         5.96040487289428710937500000000000000E-0003
   4.64776778221130371093750000000000000         1.19208097457885742187500000000000000E-0002
   4.65968859195709228515625000000000000         1.19208097457885742187500000000000000E-0002
   4.67160940170288085937500000000000000         1.19208097457885742187500000000000000E-0002
   4.68353021144866943359375000000000000         1.19208097457885742187500000000000000E-0002
   4.69545102119445800781250000000000000         5.96040487289428710937500000000000000E-0003
   4.70141142606735229492187500000000000         5.96040487289428710937500000000000000E-0003
   4.70737183094024658203125000000000000         1.19208097457885742187500000000000000E-0002
   4.71929264068603515625000000000000000         2.38416194915771484375000000000000000E-0002
   4.74313426017761230468750000000000000         5.96040487289428710937500000000000000E-0003
   4.74909466505050659179687500000000000         5.96040487289428710937500000000000000E-0003
   4.75505506992340087890625000000000000         5.96040487289428710937500000000000000E-0003
   4.76101547479629516601562500000000000         5.96040487289428710937500000000000000E-0003
   4.76697587966918945312500000000000000         1.19208097457885742187500000000000000E-0002
   4.77889668941497802734375000000000000         1.19208097457885742187500000000000000E-0002
   4.79081749916076660156250000000000000         2.38416194915771484375000000000000000E-0002
   4.81465911865234375000000000000000000         1.19208097457885742187500000000000000E-0002
   4.82657992839813232421875000000000000         1.19208097457885742187500000000000000E-0002
   4.83850073814392089843750000000000000         1.19208097457885742187500000000000000E-0002
   4.85042154788970947265625000000000000         1.19208097457885742187500000000000000E-0002
   4.86234235763549804687500000000000000         1.19208097457885742187500000000000000E-0002
   4.87426316738128662109375000000000000         5.96040487289428710937500000000000000E-0003
   4.88022357225418090820312500000000000         5.96040487289428710937500000000000000E-0003
   4.88618397712707519531250000000000000         5.96040487289428710937500000000000000E-0003
   4.89214438199996948242187500000000000         5.96040487289428710937500000000000000E-0003
   4.89810478687286376953125000000000000         5.96040487289428710937500000000000000E-0003
   4.90406519174575805664062500000000000         5.96040487289428710937500000000000000E-0003
   4.91002559661865234375000000000000000         4.76832389831542968750000000000000000E-0002
   4.95770883560180664062500000000000000         5.96040487289428710937500000000000000E-0003
   4.96366924047470092773437500000000000         5.96040487289428710937500000000000000E-0003
   4.96962964534759521484375000000000000         5.96040487289428710937500000000000000E-0003
   4.97559005022048950195312500000000000         2.98020243644714355468750000000000000E-0003
   4.97857025265693664550781250000000000         2.98020243644714355468750000000000000E-0003
   4.98155045509338378906250000000000000         2.38416194915771484375000000000000000E-0002
   5.00539207458496093750000000000000000         1.19208097457885742187500000000000000E-0002
   5.01731288433074951171875000000000000         1.19208097457885742187500000000000000E-0002
   5.02923369407653808593750000000000000         1.19208097457885742187500000000000000E-0002
   5.04115450382232666015625000000000000         1.19208097457885742187500000000000000E-0002
   5.05307531356811523437500000000000000         5.96040487289428710937500000000000000E-0003
   5.05903571844100952148437500000000000         5.96040487289428710937500000000000000E-0003
   5.06499612331390380859375000000000000         1.19208097457885742187500000000000000E-0002
   5.07691693305969238281250000000000000         1.19208097457885742187500000000000000E-0002
   5.08883774280548095703125000000000000         1.19208097457885742187500000000000000E-0002
   5.10075855255126953125000000000000000         1.19208097457885742187500000000000000E-0002
   5.11267936229705810546875000000000000         1.19208097457885742187500000000000000E-0002
   5.12460017204284667968750000000000000         2.38416194915771484375000000000000000E-0002
   5.14844179153442382812500000000000000         1.19208097457885742187500000000000000E-0002
   5.16036260128021240234375000000000000         1.19208097457885742187500000000000000E-0002
   5.17228341102600097656250000000000000         1.19208097457885742187500000000000000E-0002
   5.18420422077178955078125000000000000         1.19208097457885742187500000000000000E-0002
   5.19612503051757812500000000000000000         9.53664779663085937500000000000000000E-0002
   5.29149150848388671875000000000000000         9.53664779663085937500000000000000000E-0002
   5.38685798645019531250000000000000000         4.76832389831542968750000000000000000E-0002
   5.43454122543334960937500000000000000         1.19208097457885742187500000000000000E-0002
   5.44646203517913818359375000000000000         1.19208097457885742187500000000000000E-0002
   5.45838284492492675781250000000000000         2.38416194915771484375000000000000000E-0002
   5.48222446441650390625000000000000000         2.38416194915771484375000000000000000E-0002
   5.50606608390808105468750000000000000         1.19208097457885742187500000000000000E-0002
   5.51798689365386962890625000000000000         1.19208097457885742187500000000000000E-0002
   5.52990770339965820312500000000000000         1.19208097457885742187500000000000000E-0002
   5.54182851314544677734375000000000000         1.19208097457885742187500000000000000E-0002
   5.55374932289123535156250000000000000         2.38416194915771484375000000000000000E-0002
   5.57759094238281250000000000000000000         1.19208097457885742187500000000000000E-0002
   5.58951175212860107421875000000000000         1.19208097457885742187500000000000000E-0002
   5.60143256187438964843750000000000000         1.19208097457885742187500000000000000E-0002
   5.61335337162017822265625000000000000         1.19208097457885742187500000000000000E-0002
   5.62527418136596679687500000000000000         1.19208097457885742187500000000000000E-0002
   5.63719499111175537109375000000000000         5.96040487289428710937500000000000000E-0003
   5.64315539598464965820312500000000000         5.96040487289428710937500000000000000E-0003
   5.64911580085754394531250000000000000         2.38416194915771484375000000000000000E-0002
   5.67295742034912109375000000000000000         1.19208097457885742187500000000000000E-0002
   5.68487823009490966796875000000000000         1.19208097457885742187500000000000000E-0002
   5.69679903984069824218750000000000000         1.19208097457885742187500000000000000E-0002
   5.70871984958648681640625000000000000         5.96040487289428710937500000000000000E-0003
   5.71468025445938110351562500000000000         5.96040487289428710937500000000000000E-0003
   5.72064065933227539062500000000000000         2.38416194915771484375000000000000000E-0002
   5.74448227882385253906250000000000000         1.19208097457885742187500000000000000E-0002
   5.75640308856964111328125000000000000         1.19208097457885742187500000000000000E-0002
   5.76832389831542968750000000000000000         9.53664779663085937500000000000000000E-0002
   5.86369037628173828125000000000000000         1.19208097457885742187500000000000000E-0002
   5.87561118602752685546875000000000000         1.19208097457885742187500000000000000E-0002
   5.88753199577331542968750000000000000         1.19208097457885742187500000000000000E-0002
   5.89945280551910400390625000000000000         5.96040487289428710937500000000000000E-0003
   5.90541321039199829101562500000000000         5.96040487289428710937500000000000000E-0003
   5.91137361526489257812500000000000000         4.76832389831542968750000000000000000E-0002
   5.95905685424804687500000000000000000         1.19208097457885742187500000000000000E-0002
   5.97097766399383544921875000000000000         1.19208097457885742187500000000000000E-0002
   5.98289847373962402343750000000000000         1.19208097457885742187500000000000000E-0002
   5.99481928348541259765625000000000000         1.19208097457885742187500000000000000E-0002
   6.00674009323120117187500000000000000         1.19208097457885742187500000000000000E-0002
   6.01866090297698974609375000000000000         1.19208097457885742187500000000000000E-0002
   6.03058171272277832031250000000000000         1.19208097457885742187500000000000000E-0002
   6.04250252246856689453125000000000000         1.19208097457885742187500000000000000E-0002
   6.05442333221435546875000000000000000         2.38416194915771484375000000000000000E-0002
   6.07826495170593261718750000000000000         1.19208097457885742187500000000000000E-0002
   6.09018576145172119140625000000000000         1.19208097457885742187500000000000000E-0002
   6.10210657119750976562500000000000000         2.38416194915771484375000000000000000E-0002
   6.12594819068908691406250000000000000         5.96040487289428710937500000000000000E-0003
   6.13190859556198120117187500000000000         5.96040487289428710937500000000000000E-0003
   6.13786900043487548828125000000000000         1.19208097457885742187500000000000000E-0002
   6.14978981018066406250000000000000000         2.38416194915771484375000000000000000E-0002
   6.17363142967224121093750000000000000         5.96040487289428710937500000000000000E-0003
   6.17959183454513549804687500000000000         5.96040487289428710937500000000000000E-0003
   6.18555223941802978515625000000000000         1.19208097457885742187500000000000000E-0002
   6.19747304916381835937500000000000000         4.76832389831542968750000000000000000E-0002
   6.24515628814697265625000000000000000         1.19208097457885742187500000000000000E-0002
   6.25707709789276123046875000000000000         5.96040487289428710937500000000000000E-0003
   6.26303750276565551757812500000000000         5.96040487289428710937500000000000000E-0003
   6.26899790763854980468750000000000000         2.38416194915771484375000000000000000E-0002
   6.29283952713012695312500000000000000         2.38416194915771484375000000000000000E-0002
   6.31668114662170410156250000000000000         1.19208097457885742187500000000000000E-0002
   6.32860195636749267578125000000000000         5.96040487289428710937500000000000000E-0003
   6.33456236124038696289062500000000000         5.96040487289428710937500000000000000E-0003
   6.34052276611328125000000000000000000         4.76832389831542968750000000000000000E-0002
   6.38820600509643554687500000000000000         4.76832389831542968750000000000000000E-0002
   6.43588924407958984375000000000000000         2.38416194915771484375000000000000000E-0002
   6.45973086357116699218750000000000000         1.19208097457885742187500000000000000E-0002
   6.47165167331695556640625000000000000         1.19208097457885742187500000000000000E-0002
   6.48357248306274414062500000000000000         2.38416194915771484375000000000000000E-0002
   6.50741410255432128906250000000000000         2.38416194915771484375000000000000000E-0002
   6.53125572204589843750000000000000000         1.19208097457885742187500000000000000E-0002
   6.54317653179168701171875000000000000         1.19208097457885742187500000000000000E-0002
   6.55509734153747558593750000000000000         1.19208097457885742187500000000000000E-0002
   6.56701815128326416015625000000000000         1.19208097457885742187500000000000000E-0002
   6.57893896102905273437500000000000000         2.38416194915771484375000000000000000E-0002
   6.60278058052062988281250000000000000         2.38416194915771484375000000000000000E-0002
   6.62662220001220703125000000000000000         9.53664779663085937500000000000000000E-0002
   6.72198867797851562500000000000000000         2.38416194915771484375000000000000000E-0002
   6.74583029747009277343750000000000000         1.19208097457885742187500000000000000E-0002
   6.75775110721588134765625000000000000         1.19208097457885742187500000000000000E-0002
   6.76967191696166992187500000000000000         2.38416194915771484375000000000000000E-0002
   6.79351353645324707031250000000000000         1.19208097457885742187500000000000000E-0002
   6.80543434619903564453125000000000000         1.19208097457885742187500000000000000E-0002
   6.81735515594482421875000000000000000         9.53664779663085937500000000000000000E-0002
   6.91272163391113281250000000000000000         1.19208097457885742187500000000000000E-0002
   6.92464244365692138671875000000000000         5.96040487289428710937500000000000000E-0003
   6.93060284852981567382812500000000000         5.96040487289428710937500000000000000E-0003
   6.93656325340270996093750000000000000         1.19208097457885742187500000000000000E-0002
   6.94848406314849853515625000000000000         1.19208097457885742187500000000000000E-0002
   6.96040487289428710937500000000000000         2.38416194915771484375000000000000000E-0002
   6.98424649238586425781250000000000000         2.38416194915771484375000000000000000E-0002
   7.00808811187744140625000000000000000         9.53664779663085937500000000000000000E-0002
   7.10345458984375000000000000000000000         9.53664779663085937500000000000000000E-0002
   7.19882106781005859375000000000000000         2.38416194915771484375000000000000000E-0002
   7.22266268730163574218750000000000000         2.38416194915771484375000000000000000E-0002
   7.24650430679321289062500000000000000         1.19208097457885742187500000000000000E-0002
   7.25842511653900146484375000000000000         1.19208097457885742187500000000000000E-0002
   7.27034592628479003906250000000000000         2.38416194915771484375000000000000000E-0002
   7.29418754577636718750000000000000000         1.19208097457885742187500000000000000E-0002
   7.30610835552215576171875000000000000         1.19208097457885742187500000000000000E-0002
   7.31802916526794433593750000000000000         2.38416194915771484375000000000000000E-0002
   7.34187078475952148437500000000000000         4.76832389831542968750000000000000000E-0002
   7.38955402374267578125000000000000000         2.38416194915771484375000000000000000E-0002
   7.41339564323425292968750000000000000         2.38416194915771484375000000000000000E-0002
   7.43723726272583007812500000000000000         2.38416194915771484375000000000000000E-0002
   7.46107888221740722656250000000000000         1.19208097457885742187500000000000000E-0002
   7.47299969196319580078125000000000000         1.19208097457885742187500000000000000E-0002
   7.48492050170898437500000000000000000         1.19208097457885742187500000000000000E-0002
   7.49684131145477294921875000000000000         1.19208097457885742187500000000000000E-0002
   7.50876212120056152343750000000000000         1.19208097457885742187500000000000000E-0002
   7.52068293094635009765625000000000000         1.19208097457885742187500000000000000E-0002
   7.53260374069213867187500000000000000         2.38416194915771484375000000000000000E-0002
   7.55644536018371582031250000000000000         1.19208097457885742187500000000000000E-0002
   7.56836616992950439453125000000000000         1.19208097457885742187500000000000000E-0002
   7.58028697967529296875000000000000000         2.38416194915771484375000000000000000E-0002
   7.60412859916687011718750000000000000         1.19208097457885742187500000000000000E-0002
   7.61604940891265869140625000000000000         1.19208097457885742187500000000000000E-0002
   7.62797021865844726562500000000000000         2.38416194915771484375000000000000000E-0002
   7.65181183815002441406250000000000000         2.38416194915771484375000000000000000E-0002
   7.67565345764160156250000000000000000         2.38416194915771484375000000000000000E-0002
   7.69949507713317871093750000000000000         1.19208097457885742187500000000000000E-0002
   7.71141588687896728515625000000000000         1.19208097457885742187500000000000000E-0002
   7.72333669662475585937500000000000000         1.19208097457885742187500000000000000E-0002
   7.73525750637054443359375000000000000         1.19208097457885742187500000000000000E-0002
   7.74717831611633300781250000000000000         2.38416194915771484375000000000000000E-0002
   7.77101993560791015625000000000000000         4.76832389831542968750000000000000000E-0002
   7.81870317459106445312500000000000000         4.76832389831542968750000000000000000E-0002
   7.86638641357421875000000000000000000         2.38416194915771484375000000000000000E-0002
   7.89022803306579589843750000000000000         2.38416194915771484375000000000000000E-0002
   7.91406965255737304687500000000000000         2.38416194915771484375000000000000000E-0002
   7.93791127204895019531250000000000000         1.19208097457885742187500000000000000E-0002
   7.94983208179473876953125000000000000         5.96040487289428710937500000000000000E-0003
   7.95579248666763305664062500000000000         5.96040487289428710937500000000000000E-0003
   7.96175289154052734375000000000000000         2.38416194915771484375000000000000000E-0002
   7.98559451103210449218750000000000000         2.38416194915771484375000000000000000E-0002
   8.00943613052368164062500000000000000         2.38416194915771484375000000000000000E-0002
   8.03327775001525878906250000000000000         2.38416194915771484375000000000000000E-0002
   8.05711936950683593750000000000000000        0.190732955932617187500000000000000000      
   8.24785232543945312500000000000000000        0.381465911865234375000000000000000000      
   8.62931823730468750000000000000000000         9.53664779663085937500000000000000000E-0002
   8.72468471527099609375000000000000000         9.53664779663085937500000000000000000E-0002
   8.82005119323730468750000000000000000         4.76832389831542968750000000000000000E-0002
   8.86773443222045898437500000000000000         4.76832389831542968750000000000000000E-0002
   8.91541767120361328125000000000000000         4.76832389831542968750000000000000000E-0002
   8.96310091018676757812500000000000000         2.38416194915771484375000000000000000E-0002
   8.98694252967834472656250000000000000         1.19208097457885742187500000000000000E-0002
   8.99886333942413330078125000000000000         1.19208097457885742187500000000000000E-0002
   9.01078414916992187500000000000000000        0.190732955932617187500000000000000000      
   9.20151710510253906250000000000000000        0.190732955932617187500000000000000000      
   9.39225006103515625000000000000000000         2.38416194915771484375000000000000000E-0002
   9.41609168052673339843750000000000000         2.38416194915771484375000000000000000E-0002
   9.43993330001831054687500000000000000         2.38416194915771484375000000000000000E-0002
   9.46377491950988769531250000000000000         1.19208097457885742187500000000000000E-0002
   9.47569572925567626953125000000000000         1.19208097457885742187500000000000000E-0002
   9.48761653900146484375000000000000000         9.53664779663085937500000000000000000E-0002
   9.58298301696777343750000000000000000         4.76832389831542968750000000000000000E-0002
   9.63066625595092773437500000000000000         4.76832389831542968750000000000000000E-0002
   9.67834949493408203125000000000000000         4.76832389831542968750000000000000000E-0002
   9.72603273391723632812500000000000000         2.38416194915771484375000000000000000E-0002
   9.74987435340881347656250000000000000         2.38416194915771484375000000000000000E-0002
   9.77371597290039062500000000000000000        0.381465911865234375000000000000000000      
   10.1551818847656250000000000000000000         3.05172729492187500000000000000000000      
   13.2069091796875000000000000000000000        0.381465911865234375000000000000000000      
   13.5883750915527343750000000000000000        0.190732955932617187500000000000000000      
   13.7791080474853515625000000000000000         9.53664779663085937500000000000000000E-0002
   13.8744745254516601562500000000000000         4.76832389831542968750000000000000000E-0002
   13.9221577644348144531250000000000000         4.76832389831542968750000000000000000E-0002
   13.9698410034179687500000000000000000         2.38416194915771484375000000000000000E-0002
   13.9936826229095458984375000000000000         2.38416194915771484375000000000000000E-0002
   14.0175242424011230468750000000000000         2.38416194915771484375000000000000000E-0002
   14.0413658618927001953125000000000000         2.38416194915771484375000000000000000E-0002
   14.0652074813842773437500000000000000         2.38416194915771484375000000000000000E-0002
   14.0890491008758544921875000000000000         2.38416194915771484375000000000000000E-0002
   14.1128907203674316406250000000000000         4.76832389831542968750000000000000000E-0002
   14.1605739593505859375000000000000000         9.53664779663085937500000000000000000E-0002
   14.2559404373168945312500000000000000         4.76832389831542968750000000000000000E-0002
   14.3036236763000488281250000000000000         2.38416194915771484375000000000000000E-0002
   14.3274652957916259765625000000000000         2.38416194915771484375000000000000000E-0002
   14.3513069152832031250000000000000000        0.190732955932617187500000000000000000      
   14.5420398712158203125000000000000000         9.53664779663085937500000000000000000E-0002
   14.6374063491821289062500000000000000         9.53664779663085937500000000000000000E-0002
   14.7327728271484375000000000000000000         2.38416194915771484375000000000000000E-0002
   14.7566144466400146484375000000000000         2.38416194915771484375000000000000000E-0002
   14.7804560661315917968750000000000000         4.76832389831542968750000000000000000E-0002
   14.8281393051147460937500000000000000         4.76832389831542968750000000000000000E-0002
   14.8758225440979003906250000000000000         4.76832389831542968750000000000000000E-0002
   14.9235057830810546875000000000000000         9.53664779663085937500000000000000000E-0002
   15.0188722610473632812500000000000000         4.76832389831542968750000000000000000E-0002
   15.0665555000305175781250000000000000         4.76832389831542968750000000000000000E-0002
   15.1142387390136718750000000000000000         9.53664779663085937500000000000000000E-0002
   15.2096052169799804687500000000000000         2.38416194915771484375000000000000000E-0002
   15.2334468364715576171875000000000000         2.38416194915771484375000000000000000E-0002
   15.2572884559631347656250000000000000         4.76832389831542968750000000000000000E-0002
   15.3049716949462890625000000000000000        0.190732955932617187500000000000000000      
   15.4957046508789062500000000000000000         9.53664779663085937500000000000000000E-0002
   15.5910711288452148437500000000000000         4.76832389831542968750000000000000000E-0002
   15.6387543678283691406250000000000000         4.76832389831542968750000000000000000E-0002
   15.6864376068115234375000000000000000         4.76832389831542968750000000000000000E-0002
   15.7341208457946777343750000000000000         4.76832389831542968750000000000000000E-0002
   15.7818040847778320312500000000000000         4.76832389831542968750000000000000000E-0002
   15.8294873237609863281250000000000000         4.76832389831542968750000000000000000E-0002
   15.8771705627441406250000000000000000         9.53664779663085937500000000000000000E-0002
   15.9725370407104492187500000000000000         4.76832389831542968750000000000000000E-0002
   16.0202202796936035156250000000000000         2.38416194915771484375000000000000000E-0002
   16.0440618991851806640625000000000000         2.38416194915771484375000000000000000E-0002
   16.0679035186767578125000000000000000         9.53664779663085937500000000000000000E-0002
   16.1632699966430664062500000000000000         9.53664779663085937500000000000000000E-0002
   16.2586364746093750000000000000000000         4.76832389831542968750000000000000000E-0002
   16.3063197135925292968750000000000000         2.38416194915771484375000000000000000E-0002
   16.3301613330841064453125000000000000         2.38416194915771484375000000000000000E-0002
   16.3540029525756835937500000000000000         2.38416194915771484375000000000000000E-0002
   16.3778445720672607421875000000000000         2.38416194915771484375000000000000000E-0002
   16.4016861915588378906250000000000000         4.76832389831542968750000000000000000E-0002
   16.4493694305419921875000000000000000        0.190732955932617187500000000000000000      
   16.6401023864746093750000000000000000        0.190732955932617187500000000000000000      
   16.8308353424072265625000000000000000         4.76832389831542968750000000000000000E-0002
   16.8785185813903808593750000000000000         4.76832389831542968750000000000000000E-0002
   16.9262018203735351562500000000000000         9.53664779663085937500000000000000000E-0002
   17.0215682983398437500000000000000000         9.53664779663085937500000000000000000E-0002
   17.1169347763061523437500000000000000         4.76832389831542968750000000000000000E-0002
   17.1646180152893066406250000000000000         4.76832389831542968750000000000000000E-0002
   17.2123012542724609375000000000000000         2.38416194915771484375000000000000000E-0002
   17.2361428737640380859375000000000000         2.38416194915771484375000000000000000E-0002
   17.2599844932556152343750000000000000         4.76832389831542968750000000000000000E-0002
   17.3076677322387695312500000000000000         4.76832389831542968750000000000000000E-0002
   17.3553509712219238281250000000000000         4.76832389831542968750000000000000000E-0002
   17.4030342102050781250000000000000000         9.53664779663085937500000000000000000E-0002
   17.4984006881713867187500000000000000         9.53664779663085937500000000000000000E-0002
   17.5937671661376953125000000000000000        0.190732955932617187500000000000000000      
   17.7845001220703125000000000000000000         4.76832389831542968750000000000000000E-0002
   17.8321833610534667968750000000000000         4.76832389831542968750000000000000000E-0002
   17.8798666000366210937500000000000000         4.76832389831542968750000000000000000E-0002
   17.9275498390197753906250000000000000         4.76832389831542968750000000000000000E-0002
   17.9752330780029296875000000000000000        0.190732955932617187500000000000000000      
   18.1659660339355468750000000000000000        0.381465911865234375000000000000000000      
   18.5474319458007812500000000000000000        0.190732955932617187500000000000000000      
   18.7381649017333984375000000000000000        0.190732955932617187500000000000000000      
   18.9288978576660156250000000000000000        0.381465911865234375000000000000000000      
   19.3103637695312500000000000000000000         6.10345458984375000000000000000000000      
   25.4138183593750000000000000000000000        0.762931823730468750000000000000000000      
   26.1767501831054687500000000000000000        0.381465911865234375000000000000000000      
   26.5582160949707031250000000000000000        0.190732955932617187500000000000000000      
   26.7489490509033203125000000000000000         9.53664779663085937500000000000000000E-0002
   26.8443155288696289062500000000000000         9.53664779663085937500000000000000000E-0002
   26.9396820068359375000000000000000000        0.190732955932617187500000000000000000      
   27.1304149627685546875000000000000000         4.76832389831542968750000000000000000E-0002
   27.1780982017517089843750000000000000         4.76832389831542968750000000000000000E-0002
   27.2257814407348632812500000000000000         9.53664779663085937500000000000000000E-0002
   27.3211479187011718750000000000000000        0.190732955932617187500000000000000000      
   27.5118808746337890625000000000000000         9.53664779663085937500000000000000000E-0002
   27.6072473526000976562500000000000000         9.53664779663085937500000000000000000E-0002
   27.7026138305664062500000000000000000        0.381465911865234375000000000000000000      
   28.0840797424316406250000000000000000        0.381465911865234375000000000000000000      
   28.4655456542968750000000000000000000        0.381465911865234375000000000000000000      
   28.8470115661621093750000000000000000        0.190732955932617187500000000000000000      
   29.0377445220947265625000000000000000         9.53664779663085937500000000000000000E-0002
   29.1331110000610351562500000000000000         9.53664779663085937500000000000000000E-0002
   29.2284774780273437500000000000000000        0.381465911865234375000000000000000000      
   29.6099433898925781250000000000000000         9.53664779663085937500000000000000000E-0002
   29.7053098678588867187500000000000000         9.53664779663085937500000000000000000E-0002
   29.8006763458251953125000000000000000        0.190732955932617187500000000000000000      
   29.9914093017578125000000000000000000        0.381465911865234375000000000000000000      
   30.3728752136230468750000000000000000        0.381465911865234375000000000000000000      
   30.7543411254882812500000000000000000         9.53664779663085937500000000000000000E-0002
   30.8497076034545898437500000000000000         9.53664779663085937500000000000000000E-0002
   30.9450740814208984375000000000000000        0.190732955932617187500000000000000000      
   31.1358070373535156250000000000000000        0.190732955932617187500000000000000000      
   31.3265399932861328125000000000000000        0.190732955932617187500000000000000000      
   31.5172729492187500000000000000000000        0.190732955932617187500000000000000000      
   31.7080059051513671875000000000000000        0.190732955932617187500000000000000000      
   31.8987388610839843750000000000000000        0.381465911865234375000000000000000000      
   32.2802047729492187500000000000000000        0.381465911865234375000000000000000000      
   32.6616706848144531250000000000000000        0.190732955932617187500000000000000000      
   32.8524036407470703125000000000000000         9.53664779663085937500000000000000000E-0002
   32.9477701187133789062500000000000000         9.53664779663085937500000000000000000E-0002
   33.0431365966796875000000000000000000        0.381465911865234375000000000000000000      
   33.4246025085449218750000000000000000        0.381465911865234375000000000000000000      
   33.8060684204101562500000000000000000        0.190732955932617187500000000000000000      
   33.9968013763427734375000000000000000        0.190732955932617187500000000000000000      
   34.1875343322753906250000000000000000        0.190732955932617187500000000000000000      
   34.3782672882080078125000000000000000        0.190732955932617187500000000000000000      
   34.5690002441406250000000000000000000        0.381465911865234375000000000000000000      
   34.9504661560058593750000000000000000        0.190732955932617187500000000000000000      
   35.1411991119384765625000000000000000        0.190732955932617187500000000000000000      
   35.3319320678710937500000000000000000        0.190732955932617187500000000000000000      
   35.5226650238037109375000000000000000         9.53664779663085937500000000000000000E-0002
   35.6180315017700195312500000000000000         9.53664779663085937500000000000000000E-0002
   35.7133979797363281250000000000000000        0.381465911865234375000000000000000000      
   36.0948638916015625000000000000000000        0.381465911865234375000000000000000000      
   36.4763298034667968750000000000000000        0.190732955932617187500000000000000000      
   36.6670627593994140625000000000000000        0.190732955932617187500000000000000000      
   36.8577957153320312500000000000000000        0.381465911865234375000000000000000000      
   37.2392616271972656250000000000000000        0.381465911865234375000000000000000000      
   37.6207275390625000000000000000000000         12.2069091796875000000000000000000000      
   49.8276367187500000000000000000000000         6.10345458984375000000000000000000000      
   55.9310913085937500000000000000000000         1.52586364746093750000000000000000000      
   57.4569549560546875000000000000000000        0.762931823730468750000000000000000000      
   58.2198867797851562500000000000000000        0.762931823730468750000000000000000000      
   58.9828186035156250000000000000000000        0.762931823730468750000000000000000000      
   59.7457504272460937500000000000000000        0.381465911865234375000000000000000000      
   60.1272163391113281250000000000000000        0.381465911865234375000000000000000000      
   60.5086822509765625000000000000000000         1.52586364746093750000000000000000000      
   62.0345458984375000000000000000000000        0.762931823730468750000000000000000000      
   62.7974777221679687500000000000000000        0.762931823730468750000000000000000000      
   63.5604095458984375000000000000000000        0.381465911865234375000000000000000000      
   63.9418754577636718750000000000000000        0.381465911865234375000000000000000000      
   64.3233413696289062500000000000000000        0.762931823730468750000000000000000000      
   65.0862731933593750000000000000000000         1.52586364746093750000000000000000000      
   66.6121368408203125000000000000000000         1.52586364746093750000000000000000000      
   68.1380004882812500000000000000000000         6.10345458984375000000000000000000000      
   74.2414550781250000000000000000000000         24.4138183593750000000000000000000000      
   98.6552734375000000000000000000000000         3.05172729492187500000000000000000000      
   101.707000732421875000000000000000000         3.05172729492187500000000000000000000      
   104.758728027343750000000000000000000         1.52586364746093750000000000000000000      
   106.284591674804687500000000000000000         1.52586364746093750000000000000000000      
   107.810455322265625000000000000000000         1.52586364746093750000000000000000000      
   109.336318969726562500000000000000000        0.762931823730468750000000000000000000      
   110.099250793457031250000000000000000        0.762931823730468750000000000000000000      
   110.862182617187500000000000000000000         6.10345458984375000000000000000000000      
   116.965637207031250000000000000000000         3.05172729492187500000000000000000000      
   120.017364501953125000000000000000000         3.05172729492187500000000000000000000      
   123.069091796875000000000000000000000         12.2069091796875000000000000000000000      
   135.276000976562500000000000000000000         3.05172729492187500000000000000000000      
   138.327728271484375000000000000000000         3.05172729492187500000000000000000000      
   141.379455566406250000000000000000000         6.10345458984375000000000000000000000      
   147.482910156250000000000000000000000         48.8276367187500000000000000000000000      
   196.310546875000000000000000000000000         97.6552734375000000000000000000000000      
   293.965820312500000000000000000000000         97.6552734375000000000000000000000000      
   391.621093750000000000000000000000000         195.310546875000000000000000000000000      
   586.931640625000000000000000000000000         97.6552734375000000000000000000000000      
   684.586914062500000000000000000000000         97.6552734375000000000000000000000000      
   782.242187500000000000000000000000000         390.621093750000000000000000000000000      
   1172.86328125000000000000000000000000         390.621093750000000000000000000000000      
   1563.48437500000000000000000000000000         781.242187500000000000000000000000000      
   2344.72656250000000000000000000000000         781.242187500000000000000000000000000      
   3125.96875000000000000000000000000000         3124.96875000000000000000000000000000      
   6250.93750000000000000000000000000000         6249.93750000000000000000000000000000      
   12500.8750000000000000000000000000000         6249.93750000000000000000000000000000      
   18750.8125000000000000000000000000000         6249.93750000000000000000000000000000      
   25000.7500000000000000000000000000000         24999.7500000000000000000000000000000      
   50000.5000000000000000000000000000000         49999.5000000000000000000000000000000      
