   1.76319930591351437861156692198198488E-0002   1.00000000000000000000000000000000005E-0001
   2.39954957365869311164644730889404559E-0004   1.00000000000000000000000000000000002E-0002
   2.91857031962066884731146287095425332E-0006   9.99999999999999999999999999999999943E-0004
   8.61217973888672557816317675971772545E-0006   9.99999999999999999999999999999999966E-0005
   5.73292139437378144906192415193668476E-0006   9.99999999999999999999999999999999966E-0006
   7.84494133981081719493491335350855750E-0006   9.99999999999999999999999999999999930E-0007
   8.79884654899292279397953226222242684E-0006   9.99999999999999999999999999999999976E-0008
   1.01579954836916233528790357218492415E-0005   1.00000000000000000000000000000000000E-0008
   1.00393551815291760297724258690997166E-0005   9.99999999999999999999999999999999932E-0010
   1.00006324115813722328634588494938358E-0005   9.99999999999999999999999999999999932E-0011
   1.00007338627791254192148164948806548E-0005   9.99999999999999999999999999999999904E-0012
   1.00007494257923534273524991981166432E-0005   9.99999999999999999999999999999999904E-0013
   1.00007518448658781553904017807167305E-0005   9.99999999999999999999999999999999904E-0014
   1.00007522531318577835089214494477833E-0005   9.99999999999999999999999999999999850E-0015
   1.00007523191299835756799221902370534E-0005   9.99999999999999999999999999999999815E-0016
   1.00007523294333755806992654346397078E-0005   9.99999999999999999999999999999999858E-0017
