   4.81707077508490864260570810350596150E-0002   1.00000000000000000000000000000000005E-0001
   4.66884301083444103188735225165880590E-0003   1.00000000000000000000000000000000002E-0002
   4.13464926012300552232533841241247419E-0004   9.99999999999999999999999999999999943E-0004
   2.93667749040830233991922729408574618E-0005   9.99999999999999999999999999999999966E-0005
   2.68133274047494551900362370390542183E-0006   9.99999999999999999999999999999999966E-0006
   1.83826466532412180621666394793573859E-0006   9.99999999999999999999999999999999930E-0007
   2.08890903014973592962953548973696120E-0006   9.99999999999999999999999999999999976E-0008
   2.10730463457554425349512240367042414E-0006   1.00000000000000000000000000000000000E-0008
   2.11057536198873313565083653894918783E-0006   9.99999999999999999999999999999999932E-0010
   2.11114494540333928902717518655832563E-0006   9.99999999999999999999999999999999932E-0011
   2.11122185649568901928818581284364886E-0006   9.99999999999999999999999999999999904E-0012
   2.11123624139839572319192741775659766E-0006   9.99999999999999999999999999999999904E-0013
   2.11123844281294271564275613662771216E-0006   9.99999999999999999999999999999999904E-0014
   2.11123877177113574315426197519060596E-0006   9.99999999999999999999999999999999850E-0015
   2.11123882634382774447416880945599160E-0006   9.99999999999999999999999999999999815E-0016
   2.11123883502472845867739752159870463E-0006   9.99999999999999999999999999999999858E-0017
