           5   1.00000000000000000000000000000000005E-0001
          11   1.00000000000000000000000000000000002E-0002
          17   9.99999999999999999999999999999999943E-0004
          23   9.99999999999999999999999999999999966E-0005
          27   9.99999999999999999999999999999999966E-0006
          33   9.99999999999999999999999999999999930E-0007
          45   9.99999999999999999999999999999999976E-0008
          61   1.00000000000000000000000000000000000E-0008
          87   9.99999999999999999999999999999999932E-0010
         135   9.99999999999999999999999999999999932E-0011
         205   9.99999999999999999999999999999999904E-0012
         325   9.99999999999999999999999999999999904E-0013
         519   9.99999999999999999999999999999999904E-0014
         819   9.99999999999999999999999999999999850E-0015
        1293   9.99999999999999999999999999999999815E-0016
        2059   9.99999999999999999999999999999999858E-0017
