   9.99999982451670044181213370393379591E-0014  0.124999985098826306152563104124447735      
  0.124999985098926306150808271128865856        0.124999985098826306152563104124447735      
  0.249999970197752612303371375253313591        0.124999985098826306152563104124447735      
  0.374999955296578918455934479377761326        0.124999985098826306152563104124447735      
  0.499999940395405224608497583502209061        0.124999985098826306152563104124447735      
  0.624999925494231530761060687626656796         6.24999925494131530762815520622238674E-0002
  0.687499918043644683837342239688880663         6.24999925494131530762815520622238674E-0002
  0.749999910593057836913623791751104530         6.24999925494131530762815520622238674E-0002
  0.812499903142470989989905343813328398         3.12499962747065765381407760311119337E-0002
  0.843749899417177566528046119844440331         3.12499962747065765381407760311119337E-0002
  0.874999895691884143066186895875552265         3.12499962747065765381407760311119337E-0002
  0.906249891966590719604327671906664199         3.12499962747065765381407760311119337E-0002
  0.937499888241297296142468447937776133         1.56249981373532882690703880155559669E-0002
  0.953124886378650584411538835953332099         1.56249981373532882690703880155559669E-0002
  0.968749884516003872680609223968888066         7.81249906867664413453519400777798343E-0003
  0.976562383584680516815144417976666050         7.81249906867664413453519400777798343E-0003
  0.984374882653357160949679611984444033         3.90624953433832206726759700388899171E-0003
  0.988281132187695483016947208988333025         3.90624953433832206726759700388899171E-0003
  0.992187381722033805084214805992222017         3.90624953433832206726759700388899171E-0003
  0.996093631256372127151482402996111008         1.95312476716916103363379850194449586E-0003
  0.998046756023541288185116201498055504         9.76562383584580516816899250972247928E-0004
  0.999023318407125868701933100749027752         4.88281191792290258408449625486123964E-0004
  0.999511599598918158960341550374513876         2.44140595896145129204224812743061982E-0004
  0.999755740194814304089545775187256938         1.22070297948072564602112406371530991E-0004
  0.999877810492762376654147887593628469         6.10351489740362823010562031857654955E-0005
  0.999938845641736412936448943796814235         3.05175744870181411505281015928827478E-0005
  0.999969363216223431077599471898407117         1.52587872435090705752640507964413739E-0005
  0.999984622003466940148174735949203559         7.62939362175453528763202539822068694E-0006
  0.999992251397088694683462367974601779         3.81469681087726764381601269911034347E-0006
  0.999996066093899571951106183987300890         1.90734840543863382190800634955517174E-0006
  0.999997973442305010584928091993650445         1.90734840543863382190800634955517174E-0006
