           2   1.00000000000000000000000000000000005E-0001           3
           2   1.00000000000000000000000000000000002E-0002           3
           4   9.99999999999999999999999999999999943E-0004           3
          10   9.99999999999999999999999999999999966E-0005           3
          10   9.99999999999999999999999999999999966E-0006           3
          18   9.99999999999999999999999999999999930E-0007           3
          22   9.99999999999999999999999999999999976E-0008           3
          26   1.00000000000000000000000000000000000E-0008           3
          46   9.99999999999999999999999999999999932E-0010           3
         194   9.99999999999999999999999999999999932E-0011           3
        1746   9.99999999999999999999999999999999904E-0012           3
       18292   9.99999999999999999999999999999999904E-0013           3
