           3   1.00000000000000000000000000000000005E-0001           3
           3   1.00000000000000000000000000000000002E-0002           3
          11   9.99999999999999999999999999999999943E-0004           3
          19   9.99999999999999999999999999999999966E-0005           3
          25   9.99999999999999999999999999999999966E-0006           3
          39   9.99999999999999999999999999999999930E-0007           3
          39   9.99999999999999999999999999999999976E-0008           3
          41   1.00000000000000000000000000000000000E-0008           3
          51   9.99999999999999999999999999999999932E-0010           3
         201   9.99999999999999999999999999999999932E-0011           3
        1737   9.99999999999999999999999999999999904E-0012           3
       18215   9.99999999999999999999999999999999904E-0013           3
