   2.12723564648873471448310940503159741E-0002   1.00000000000000000000000000000000005E-0001   9.84513378076779226428519431415047403E-0002
   2.12723564648873471448310940503159741E-0002   1.00000000000000000000000000000000002E-0002   9.84513378076779226428519431415047403E-0002
   4.41925316166184716292807344917250671E-0002   9.99999999999999999999999999999999943E-0004  0.100519624055027909369192555900643268      
   4.22347407442580943672899814892142537E-0004   9.99999999999999999999999999999999966E-0005   9.62999740253190291443632631174268059E-0002
   4.22347407442580943672899814892142537E-0004   9.99999999999999999999999999999999966E-0006   9.62999740253190291443632631174268059E-0002
   1.58455298666171358661586152948069430E-0004   9.99999999999999999999999999999999930E-0007   9.62689086416633269857140733654955402E-0002
   1.09935061357325531623551277353850280E-0005   9.99999999999999999999999999999999976E-0008   9.62556018848221931635870243108289570E-0002
   7.32288818307931429275507419712263180E-0006   1.00000000000000000000000000000000000E-0008   9.62552706531199705365769007741197435E-0002
   1.96684805241490736785165981151381933E-0006   9.99999999999999999999999999999999932E-0010   9.62547714901926734954439178161860209E-0002
   2.13308556149943783978314801854382540E-0006   9.99999999999999999999999999999999932E-0011   9.62547864857221667727649200466850520E-0002
   2.16315394828945914969954931886208422E-0006   9.99999999999999999999999999999999904E-0012   9.62547890199855705564057030957080441E-0002
   2.17220436774568559903613059827750050E-0006   9.99999999999999999999999999999999904E-0013   9.62547897693234986524380517724457104E-0002
