   2.28222955261052599508187003554085570E-0002   1.00000000000000000000000000000000005E-0001   9.84513378076779226428519431415047403E-0002
   2.28222955261052599508187003554085570E-0002   1.00000000000000000000000000000000002E-0002   9.84513378076779226428519431415047403E-0002
   4.43099597308531891549902382692296463E-0002   9.99999999999999999999999999999999943E-0004  0.100519624055027909369192555900643268      
   4.71529235020484979278788932147997471E-0004   9.99999999999999999999999999999999966E-0005   9.62999740253190291443632631174268059E-0002
   4.71529235020484979278788932147997471E-0004   9.99999999999999999999999999999999966E-0006   9.62999740253190291443632631174268059E-0002
   1.48787383770125976821816980517254096E-0004   9.99999999999999999999999999999999930E-0007   9.62689086416633269857140733654955402E-0002
   1.05419532728395966662878943803702862E-0005   9.99999999999999999999999999999999976E-0008   9.62556018848221931635870243108289570E-0002
   7.10074894222718522603784418828055246E-0006   1.00000000000000000000000000000000000E-0008   9.62552706531199705365769007741197435E-0002
   1.91488775934670882715110707714494111E-0006   9.99999999999999999999999999999999932E-0010   9.62547714901926734954439178161860209E-0002
   2.07067804356717553705457851164651299E-0006   9.99999999999999999999999999999999932E-0011   9.62547864857221667727649200466850520E-0002
   2.09700679815646700237569296774819540E-0006   9.99999999999999999999999999999999904E-0012   9.62547890199855705564057030957080441E-0002
   2.10479175625665228098191913755559786E-0006   9.99999999999999999999999999999999904E-0013   9.62547897693234986524380517724457104E-0002
