  0.115624616237681953352837336478771593         1.00000000000000000000000000000000005E-0001   3.54684849935899218025359012740252622      
  0.115624616237681953352837336478771593         1.00000000000000000000000000000000002E-0002   3.54684849935899218025359012740252622      
   3.08931211965909556735090373351401119E-0003   9.99999999999999999999999999999999943E-0004   3.18907074084915317751133205604522882      
   2.30787925205544380491900632360037853E-0004   9.99999999999999999999999999999999966E-0005   3.17998278052458562976257501257959719      
   6.09617039937900102270098364282648894E-0005   9.99999999999999999999999999999999966E-0006   3.17944286067243314729204284822110747      
   5.96993858991107243974678148059475301E-0007   9.99999999999999999999999999999999930E-0007   3.17924715024087422811974592276388072      
   5.96993858991107243974678148059475301E-0007   9.99999999999999999999999999999999976E-0008   3.17924715024087422811974592276388072      
   5.88169823103102171504050671911487247E-0007   1.00000000000000000000000000000000000E-0008   3.17924717829468192663399192442652116      
   5.61562379409836474640566958141385636E-0007   9.99999999999999999999999999999999932E-0010   3.17924726288637196436295453569175775      
   5.52526952963482691699181398384908110E-0007   9.99999999999999999999999999999999932E-0011   3.17924729161224289431278756602595740      
   5.52027626613607094668299906653598488E-0007   9.99999999999999999999999999999999904E-0012   3.17924729319972571691245347598040286      
   5.52026908802492346829234340089225911E-0007   9.99999999999999999999999999999999904E-0013   3.17924729320200781721582663521198357      
