           1   1.00000000000000000000000000000000005E-0001           4
           5   1.00000000000000000000000000000000002E-0002           4
           7   9.99999999999999999999999999999999943E-0004           4
          17   9.99999999999999999999999999999999966E-0005           4
          23   9.99999999999999999999999999999999966E-0006           4
          27   9.99999999999999999999999999999999930E-0007           4
          27   9.99999999999999999999999999999999976E-0008           4
          39   1.00000000000000000000000000000000000E-0008           4
          55   9.99999999999999999999999999999999932E-0010           4
          55   9.99999999999999999999999999999999932E-0011           4
          69   9.99999999999999999999999999999999904E-0012           4
         109   9.99999999999999999999999999999999904E-0013           4
