  0.242261297423864766190922006881413786         1.00000000000000000000000000000000005E-0001   3.94945804749155382650433462840934822      
   7.85676450101953422864326468746004449E-0002   1.00000000000000000000000000000000002E-0002   3.42903515885360651207317304951826783      
   1.62828759710177381350385962147994238E-0002   9.99999999999999999999999999999999943E-0004   3.23101636616638688096180204519594808      
   3.19828957806922222912274979561536916E-0004   9.99999999999999999999999999999999966E-0005   3.18026586414273724666166080496886575      
   5.81047838123377827489833044815731719E-0005   9.99999999999999999999999999999999966E-0006   3.17943377781166538755610485777441328      
   4.81670846079091273585205855662881676E-0006   9.99999999999999999999999999999999930E-0007   3.17923373471724264105956017072874040      
   4.81670846079091273585205855662881676E-0006   9.99999999999999999999999999999999976E-0008   3.17923373471724264105956017072874040      
   2.29580934967160336014499184152453890E-0007   1.00000000000000000000000000000000000E-0008   3.17924977812800121335666598915453133      
   4.32344252417931591347839952449438080E-0008   9.99999999999999999999999999999999932E-0010   3.17924891078002692568941462958046713      
   4.32344252417931591347839952449438080E-0008   9.99999999999999999999999999999999932E-0011   3.17924891078002692568941462958046713      
   4.33889581655418499978950698657178786E-0008   9.99999999999999999999999999999999904E-0012   3.17924891028872827494072146048991436      
   4.35257077870088897179073035409881238E-0008   9.99999999999999999999999999999999904E-0013   3.17924890985396717104540799849079058      
