   4.60713814443739520406327949317975757E-0002   1.00000000000000000000000000000000005E-0001  0.100689168974901222298573568487801611      
   4.60713814443739520406327949317975757E-0002   1.00000000000000000000000000000000002E-0002  0.100689168974901222298573568487801611      
   4.60713814443739520406327949317975757E-0002   9.99999999999999999999999999999999943E-0004  0.100689168974901222298573568487801611      
   1.20925664868904551336712569098507120E-0003   9.99999999999999999999999999999999966E-0005   9.63709836729682422026877616288876972E-0002
   1.20925664868904551336712569098507120E-0003   9.99999999999999999999999999999999966E-0006   9.63709836729682422026877616288876972E-0002
   3.76866032944524922527939405502408873E-0006   9.99999999999999999999999999999999930E-0007   9.62549499243061218179374883227937909E-0002
   3.76866032944524922527939405502408873E-0006   9.99999999999999999999999999999999976E-0008   9.62549499243061218179374883227937909E-0002
   3.76866032944524922527939405502408873E-0006   1.00000000000000000000000000000000000E-0008   9.62549499243061218179374883227937909E-0002
   1.13548336332373071664281606086144103E-0006   9.99999999999999999999999999999999932E-0010   9.62546964689442931222650179277283924E-0002
   1.13456527458324099612603590831187934E-0006   9.99999999999999999999999999999999932E-0011   9.62546963805740404178233616350514745E-0002
   1.10479954616158479251784770154008077E-0006   9.99999999999999999999999999999999904E-0012   9.62546935154861392739234018559436592E-0002
   1.09360258392115251016874722710222380E-0006   9.99999999999999999999999999999999904E-0013   9.62546924377271612242728609649656470E-0002
