   4.91423764545718562468907005903301629E-0002   1.00000000000000000000000000000000005E-0001  0.100689168974901222298573568487801611      
   4.91423764545718562468907005903301629E-0002   1.00000000000000000000000000000000002E-0002  0.100689168974901222298573568487801611      
   4.91423764545718562468907005903301629E-0002   9.99999999999999999999999999999999943E-0004  0.100689168974901222298573568487801611      
   1.28944333917462261780732006679682608E-0003   9.99999999999999999999999999999999966E-0005   9.63709836729682422026877616288876972E-0002
   1.28944333917462261780732006679682608E-0003   9.99999999999999999999999999999999966E-0006   9.63709836729682422026877616288876972E-0002
   3.21856658602158892979739931161861720E-0006   9.99999999999999999999999999999999930E-0007   9.62549499243061218179374883227937909E-0002
   3.21856658602158892979739931161861720E-0006   9.99999999999999999999999999999999976E-0008   9.62549499243061218179374883227937909E-0002
   3.93876844322038798363906934283709541E-0006   1.00000000000000000000000000000000000E-0008   9.62549499243061218179374883227937909E-0002
   1.13004634602410157442671948234691618E-0006   9.99999999999999999999999999999999932E-0010   9.62546964689442931222650179277283924E-0002
   1.13443908960807498489401946511217405E-0006   9.99999999999999999999999999999999932E-0011   9.62546963805740404178233616350514745E-0002
   1.10514385869273254046213397059825587E-0006   9.99999999999999999999999999999999904E-0012   9.62546935154861392739234018559436592E-0002
   1.09364883047196253203662845681734707E-0006   9.99999999999999999999999999999999904E-0013   9.62546924377271612242728609649656470E-0002
