           2   1.00000000000000000000000000000000005E-0001           4
           2   1.00000000000000000000000000000000002E-0002           4
           2   9.99999999999999999999999999999999943E-0004           4
           4   9.99999999999999999999999999999999966E-0005           4
           4   9.99999999999999999999999999999999966E-0006           4
          10   9.99999999999999999999999999999999930E-0007           4
          10   9.99999999999999999999999999999999976E-0008           4
          14   1.00000000000000000000000000000000000E-0008           4
          22   9.99999999999999999999999999999999932E-0010           4
          28   9.99999999999999999999999999999999932E-0011           4
          62   9.99999999999999999999999999999999904E-0012           4
         138   9.99999999999999999999999999999999904E-0013           4
