          10   3.47689145827430805284653722865850072E-0005
          12   4.29787698578687634485800374812676307E-0006
          14   5.07935928606261603911653650644917002E-0007
          16   5.79669946792980098549091793454791466E-0008
          18   6.43323992183724511499331951901404553E-0009
          20   6.98104150874622109532526470640801636E-0010
          22   7.43767079032618991610236655091454292E-0011
          24   7.80369453582847634827747818154212454E-0012
          26   8.08166281928900764909936028409779767E-0013
          28   8.27578848532547849597034463609400747E-0014
          30   8.39161989913224183527947667436990449E-0015
          32   8.43560515981854417638049259927336931E-0016
          34   8.41469390527510550010846363855340241E-0017
          36   8.33601225370906910017578591808213006E-0018
          38   8.20657904168499003659770016917903241E-0019
          40   8.15605228004425433814308001605626903E-0020
          42   8.69838676946749843016095377884192154E-0021
          44   2.76501525133372746968592685574822160E-0020
          46   1.17054858756112327713812745253435674E-0021
          48   5.14786294724225505134367900824646589E-0020
          50   4.01999833049409842240674269917631628E-0018
