          10   1.76621851540959436124873091959600911E-0007
          12   3.32206626389730942806783675706798366E-0008
          14   5.94513494389121417213847975442986174E-0009
          16   1.02262464468312563636440362480192236E-0009
          18   1.70341042320882261964298426347719156E-0010
          20   2.76410746392705433921849333128893583E-0011
          22   4.38974398350248026983347689703763354E-0012
          24   6.84705488249141690710877287904128655E-0013
          26   1.05175782624203171634655877319942244E-0013
          28   1.59437136226554269428918367509584955E-0014
          30   2.38926542958775936638938626345974603E-0015
          32   3.54446393427648917172505630530955793E-0016
          34   5.21160358351984602853095274377087511E-0017
          36   7.60320170999102679968659154001879923E-0018
          38   2.77397819677328045010334883136368763E-0019
          40   3.32402455297366723309870322974328223E-0017
          42   3.26364223826048480938744967188862394E-0017
          44   3.11332578929922314377547109054032556E-0018
          46   2.52851199106364633632211066913264202E-0015
          48   9.28434528047239766605552616234644749E-0015
          50   2.56667466863603934169052273273458339E-0013
