          10  0.107166572716956814333300799372634455      
          12   5.60566440863389977174301624002017281E-0002
          14   1.30945833387713170350722618844216123E-0002
          16   6.67231559114951914139598071893884698E-0003
          18   8.10613245773943247798959554598987424E-0003
          20   9.27904735516494433740875374806761505E-0004
          22   7.80030756355758855375805882071305398E-0003
          24   2.67134005082371149134837169360304018E-0003
          26   4.60444462215240295765659987952104000E-0003
          28   1.91392274626516131142902600479801601E-0002
          30   6.65998887101259708322221218432339322E-0004
          32   2.56308624512561910928472176666427407E-0003
          34   3.24969012267654910704874288486933233E-0003
          36   1.27046867247878791597960588497277301E-0003
          38   2.86660352650548368696757958005256518E-0003
          40   2.82799469189384592892099048682938929E-0003
          42   8.79271851961696878643252903323488930E-0002
          44   1.55797850745067006897266267530237000E-0003
          46   2.75714148922884419949996313141434511E-0003
          48   1.11590997389524043841790097955311394E-0003
          50   1.13494104675226790904377880309194458E-0003
