  -3.1618602e+02
  -2.9095504e+02
  -2.6754501e+02
  -2.4301416e+02
  -2.2008180e+02
  -2.0082681e+02
  -1.7943568e+02
  -1.6023846e+02
  -1.4314763e+02
  -1.2377453e+02
  -4.3100758e+02
  -8.9051733e+01
  -7.4896567e+01
  -5.8240000e+01
  -4.6017058e+01
  -3.1410567e+01
  -1.9150791e+01
  -8.8659589e+00
   3.7618685e+00
   1.6300511e+01
   2.5945114e+01
   3.4573268e+01
   4.4149621e+01
   5.3513518e+01
   6.0174981e+01
   6.9474950e+01
   7.4631290e+01
   8.3304863e+01
   8.6104134e+01
   9.2547189e+01
   9.5478973e+01
  -3.0128511e+02
   1.0422275e+02
   1.0840534e+02
   1.1167013e+02
   1.1330049e+02
   1.1445893e+02
   1.1705149e+02
   1.1802289e+02
   1.1792821e+02
   1.1857125e+02
   1.1822480e+02
   1.1626904e+02
   1.1710357e+02
   1.1443080e+02
   1.1289608e+02
   1.1176895e+02
   1.0906850e+02
   1.0673218e+02
   1.0466336e+02
   1.0204683e+02
   9.7474041e+01
   9.4423678e+01
   9.0045698e+01
   8.6477597e+01
   8.2439998e+01
   7.6935134e+01
   5.1233586e+02
   6.8705102e+01
   6.3220308e+01
   5.9729841e+01
   5.2123443e+01
   4.6598940e+01
   4.0074121e+01
   3.7118483e+01
   3.1367083e+01
   2.4632107e+01
   1.9754476e+01
   1.3127703e+01
   7.2787901e+00
   1.1129447e+00
  -2.2840239e+01
  -1.0922338e+01
  -1.4248665e+01
  -2.4198665e+01
  -3.0854299e+01
  -3.6068681e+01
  -4.1897343e+01
  -4.7049609e+01
  -5.2520470e+01
  -5.8218534e+01
  -6.3006666e+01
  -6.8594734e+01
  -7.3544771e+01
  -7.7693744e+01
  -8.3276937e+01
  -9.0651256e+01
  -9.6392955e+01
  -9.7674069e+01
  -1.0472764e+02
  -1.0693324e+02
  -1.1085252e+02
   1.0108515e+03
  -1.1802521e+02
  -1.2161932e+02
  -1.2376419e+02
  -1.2636220e+02
  -1.2885395e+02
  -1.3154458e+02
  -1.3385459e+02
  -8.0210100e+02
  -1.3637087e+02
  -1.3673618e+02
  -1.3468478e+02
  -1.3637090e+02
  -1.3564032e+02
  -1.3374818e+02
  -1.3368411e+02
  -1.3066663e+02
  -1.2991707e+02
  -1.2598720e+02
  -1.2333867e+02
  -1.2067702e+02
  -1.1734170e+02
  -1.1303511e+02
  -1.0727007e+02
  -1.0192614e+02
  -9.5852674e+01
  -8.7872455e+01
  -8.2009697e+01
  -7.2856321e+01
  -6.6239620e+01
  -5.5851434e+01
   5.2644076e+02
  -3.7055422e+01
  -2.5529262e+01
  -1.5541972e+01
  -3.5422705e+00
   1.1587391e+01
   2.3898993e+01
   3.6567996e+01
   5.2400941e+01
   6.6855924e+01
   8.4109885e+01
   1.0174385e+02
   1.1639548e+02
   1.3746085e+02
   9.4256381e+02
   1.7567147e+02
   1.9815426e+02
   2.1815539e+02
