  -3.1400000e+02
  -2.8962800e+02
  -2.6610400e+02
  -2.4341600e+02
  -2.2155200e+02
  -2.0050000e+02
  -1.8024800e+02
  -1.6078400e+02
  -1.4209600e+02
  -1.2417200e+02
  -1.0700000e+02
  -9.0568000e+01
  -7.4864000e+01
  -5.9876000e+01
  -4.5592000e+01
  -3.2000000e+01
  -1.9088000e+01
  -6.8440000e+00
   4.7440000e+00
   1.5688000e+01
   2.6000000e+01
   3.5692000e+01
   4.4776000e+01
   5.3264000e+01
   6.1168000e+01
   6.8500000e+01
   7.5272000e+01
   8.1496000e+01
   8.7184000e+01
   9.2348000e+01
   9.7000000e+01
   1.0115200e+02
   1.0481600e+02
   1.0800400e+02
   1.1072800e+02
   1.1300000e+02
   1.1483200e+02
   1.1623600e+02
   1.1722400e+02
   1.1780800e+02
   1.1800000e+02
   1.1781200e+02
   1.1725600e+02
   1.1634400e+02
   1.1508800e+02
   1.1350000e+02
   1.1159200e+02
   1.0937600e+02
   1.0686400e+02
   1.0406800e+02
   1.0100000e+02
   9.7672000e+01
   9.4096000e+01
   9.0284000e+01
   8.6248000e+01
   8.2000000e+01
   7.7552000e+01
   7.2916000e+01
   6.8104000e+01
   6.3128000e+01
   5.8000000e+01
   5.2732000e+01
   4.7336000e+01
   4.1824000e+01
   3.6208000e+01
   3.0500000e+01
   2.4712000e+01
   1.8856000e+01
   1.2944000e+01
   6.9880000e+00
   1.0000000e+00
  -5.0080000e+00
  -1.1024000e+01
  -1.7036000e+01
  -2.3032000e+01
  -2.9000000e+01
  -3.4928000e+01
  -4.0804000e+01
  -4.6616000e+01
  -5.2352000e+01
  -5.8000000e+01
  -6.3548000e+01
  -6.8984000e+01
  -7.4296000e+01
  -7.9472000e+01
  -8.4500000e+01
  -8.9368000e+01
  -9.4064000e+01
  -9.8576000e+01
  -1.0289200e+02
  -1.0700000e+02
  -1.1088800e+02
  -1.1454400e+02
  -1.1795600e+02
  -1.2111200e+02
  -1.2400000e+02
  -1.2660800e+02
  -1.2892400e+02
  -1.3093600e+02
  -1.3263200e+02
  -1.3400000e+02
  -1.3502800e+02
  -1.3570400e+02
  -1.3601600e+02
  -1.3595200e+02
  -1.3550000e+02
  -1.3464800e+02
  -1.3338400e+02
  -1.3169600e+02
  -1.2957200e+02
  -1.2700000e+02
  -1.2396800e+02
  -1.2046400e+02
  -1.1647600e+02
  -1.1199200e+02
  -1.0700000e+02
  -1.0148800e+02
  -9.5444000e+01
  -8.8856000e+01
  -8.1712000e+01
  -7.4000000e+01
  -6.5708000e+01
  -5.6824000e+01
  -4.7336000e+01
  -3.7232000e+01
  -2.6500000e+01
  -1.5128000e+01
  -3.1040000e+00
   9.5840000e+00
   2.2948000e+01
   3.7000000e+01
   5.1752000e+01
   6.7216000e+01
   8.3404000e+01
   1.0032800e+02
   1.1800000e+02
   1.3643200e+02
   1.5563600e+02
   1.7562400e+02
   1.9640800e+02
   2.1800000e+02
