  -3.1523712e+02
  -2.9182149e+02
  -2.6643741e+02
  -2.4270246e+02
  -2.2123459e+02
  -2.0008639e+02
  -1.8082509e+02
  -1.6064000e+02
  -1.4373467e+02
  -1.2493209e+02
  -1.0781879e+02
  -9.0048271e+01
  -7.4878160e+01
  -6.1031529e+01
  -4.5601525e+01
  -3.2689811e+01
  -1.9754699e+01
  -5.9798506e+00
   4.8574194e+00
   1.6086363e+01
   2.6883970e+01
   3.5872258e+01
   4.5326855e+01
   5.3946964e+01
   6.2338609e+01
   6.8975861e+01
   7.6684233e+01
   8.1518608e+01
   8.7136131e+01
   9.4049335e+01
   9.6490288e+01
   1.0114915e+02
   1.0573587e+02
   1.0815381e+02
   1.1213293e+02
   1.1403412e+02
   1.1512357e+02
   1.1545830e+02
   1.1779070e+02
   1.1642538e+02
   1.1824447e+02
   1.1862044e+02
   1.1746904e+02
   1.1722368e+02
   1.1712688e+02
   1.1442393e+02
   1.1185892e+02
   1.1001766e+02
   1.0728949e+02
   1.0275328e+02
   1.0058359e+02
   9.8896688e+01
   9.4052416e+01
   9.0866423e+01
   8.5241500e+01
   8.2064517e+01
   7.8152292e+01
   7.1554485e+01
   6.8451593e+01
   6.2946157e+01
   5.7060465e+01
   5.2694467e+01
   4.5439696e+01
   3.9696023e+01
   3.5031077e+01
   2.9509468e+01
   2.3538968e+01
   1.7130572e+01
   1.3232228e+01
   5.3938163e+00
   1.1102188e+00
  -4.2209333e+00
  -1.1026227e+01
  -1.6942891e+01
  -2.3410157e+01
  -3.0482676e+01
  -3.4971819e+01
  -3.9843175e+01
  -4.4877755e+01
  -5.2782206e+01
  -5.9627323e+01
  -6.3381653e+01
  -6.8607734e+01
  -7.4522950e+01
  -8.0620912e+01
  -8.2475667e+01
  -9.1727524e+01
  -9.4573972e+01
  -9.9897626e+01
  -1.0352813e+02
  -1.0668215e+02
  -1.1074995e+02
  -1.1525474e+02
  -1.1717900e+02
  -1.2048961e+02
  -1.2335262e+02
  -1.2703363e+02
  -1.2787542e+02
  -1.3027529e+02
  -1.3012323e+02
  -1.3293654e+02
  -1.3387108e+02
  -1.3565102e+02
  -1.3730439e+02
  -1.3632322e+02
  -1.3625779e+02
  -1.3521197e+02
  -1.3282886e+02
  -1.3225278e+02
  -1.3046711e+02
  -1.2740933e+02
  -1.2412889e+02
  -1.2005467e+02
  -1.1742864e+02
  -1.1167468e+02
  -1.0692198e+02
  -1.0016361e+02
  -9.5657170e+01
  -8.8990479e+01
  -8.2883356e+01
  -7.5385263e+01
  -6.5397492e+01
  -5.7073489e+01
  -4.6832256e+01
  -3.8124661e+01
  -2.4591488e+01
  -1.5005769e+01
  -2.0569667e+00
   9.3570798e+00
   2.2785498e+01
   3.7690052e+01
   5.2307757e+01
   6.6095745e+01
   8.1871307e+01
   9.9230132e+01
   1.1658423e+02
   1.3649157e+02
   1.5522475e+02
   1.7525599e+02
   1.9504704e+02
   2.1877957e+02
