          10   3.64829204397486871027165879057834882E-0002
          12   8.86460397769940206454544457834615250E-0002
          14   1.00993690131014764101215611607319262E-0002
          16   3.79575641579451261640156269946391054E-0002
          18   3.18912100148647478755983491630791469E-0003
          20   1.86429409745117008888086162448710323E-0002
          22   1.00225806516625354332797820281972963E-0003
          24   9.99463526717101613769370486390160416E-0003
          26   2.42556670376739870066224136313575899E-0004
          28   5.69181017958964940712024466110300137E-0003
          30   2.46242615363214903954600525383899700E-0005
          32   3.38674075840502166491018354298600231E-0003
          34   1.08764940905181575110358243459350330E-0004
          36   2.08290887252886746964088065819080191E-0003
          38   1.23353875344730588671778102748873371E-0004
          40   1.31426866700987448899489035376864109E-0003
          42   1.12710447855606585022238811701475208E-0004
          44   8.46247702079682795350162317149673675E-0004
          46   9.46243463432436149604163919447907336E-0005
          48   5.53839323920168582180357498657286361E-0004
          50   7.61330507813320221392698777922968684E-0005
