          10   2.75966737281894892520138060441621954E-0004
          12   1.48883179484422669994990536003218926E-0003
          14   5.32430543851638901229816987551133754E-0004
          16   3.20309390672068502722243357598505983E-0003
          18   1.13114573955330179100073066954388495E-0003
          20   7.52053257761000115197739979557393932E-0003
          22   2.55912853193932526315650212406813565E-0003
          24   1.86833312379074194030644429501193265E-0002
          26   6.04091161255584124362519122508219354E-0003
          28   4.82840507559161031724828465132675644E-0002
          30   1.46865390091148279195472259868692623E-0002
          32  0.128473007709074301711819200945615576      
          34   3.64519956115830396161799541619791943E-0002
          36  0.349584049103390893060362010884313399      
          38   9.17741337132989004665267047318017779E-0002
          40  0.968292465953472933901072028408831914      
          42  0.233196456150952929735105900233058484      
          44   2.72100124014307692518315501091310071      
          46  0.595452250126860423370559672848809583      
          48   7.73825650485637480726718539860434483      
          50   1.52169067551692683991415088838445012      
