          10   15.1004179482928282410112407275029857      
          12   28.4678816527076392092143118830397689      
          14   2.42602434743816254168262481346392899      
          16   4.66901084554078848134433018479375332      
          18   2.76765820129480307738629062155330010      
          20  0.822853874479592658134014246212277087      
          22   6.82264907837922817399282409164668509      
          24  0.456023245643125210660925081811610292      
          26  0.298214042606344584328894882045883993      
          28  0.148201045548437809182655723540102936      
          30  0.115258320821230126736985276985232042      
          32   6.09944796025856112687276893396981141E-0002
          34   1.45041945983435656303288044640150493E-0002
          36  0.500410145009655652735544428342805433      
          38   2.10045112717787345823108545528204015E-0002
          40   7.86381441443715140722471851886365204E-0004
          42   9.00055771782669860728121010668381524E-0002
          44   7.77775106119650236220986969909694015E-0003
          46   1.89819633236074208900466013119126051E-0002
          48   2.89339844280109937384024618390330308E-0002
          50  0.186046824461615183271079527433796205      
