    5    7
    6   10
    7   19
    8   26
    9   39
   10   46
   11   61
   12   72
   13   95
   14  108
   15  131
   16  150
   17  175
   18  194
   19  223
   20  250
   21  281
   22  312
   23  345
   24  374
   25  415
   26  448
   27  487
   28  524
   29  575
   30  616
   31  661
   32  704
   33  757
   34  800
   35  855
   36  902
   37  969
   38 1016
   39 1081
   40 1128
   41 1195
   42 1254
   43 1323
   44 1390
   45 1461
   46 1522
   47 1597
   48 1660
   49 1743
   50 1814
   51 1901
   52 1966
   53 2051
