    91769.4142272139288252
    11541.4329754396276257
    10341.9462366868956451
     6695.6011214731752261
     9669.4722035374579718
     7652.9175393495543176
     8870.4802215131057892
     8810.6960858567636024
    10379.9658315137403406
     7052.8483932194512818
    10114.8631119482524809
   161772.0421667623159010
     9727.0182562357949791
     6297.1235873811492638
     9094.3635870782109123
     7198.4772465532159913
     8343.2243877291166427
     8286.2805924902659171
     9763.1261187787713425
     6633.4176953138839963
    13112.3877217478366219
    14074.3257273297385836
   310482.0293342322111130
     8163.9622141846584782
    11790.8475154548759747
     9332.1500753503023589
    10816.2159124283807614
    10743.3218330591134873
    12656.7294690529543004
     8600.4025934257697372
    12406.1904252545555210
    13315.0016562415312364
    11931.2254447359355254
   400297.8540022319066338
    11155.0291553809838661
     8828.5149257799821498
    10233.2048605522049911
    10163.2208052140376822
    11974.2360308935276407
     8136.9242010954903890
    13499.0620512270525069
    14488.7490743260041199
    12982.0474924360441946
     8404.6487604837257095
   527434.2685441160574555
     9606.3838865950183390
    11135.1178522348309343
    11059.5561099881579139
    13029.6961158017929847
     8854.1564498226944124
     9224.8896695017137972
     9901.4660435063415207
     8871.9141678408977896
     5744.1333321144638830
     8295.0211894384065090
   439523.7741982201696374
     7610.2310279837092821
     7557.5877583592664450
     8904.1829112487430393
     6050.3473367395818059
    11585.2679541982270166
    12434.2475819474348100
    11141.5996007507728791
     7213.4818898089788490
    10416.9954512404219713
     8245.4585624427763833
   634725.6904107976006344
     9491.2358708172687329
    11182.6008402268034843
     7599.0338089219158064
    10606.2517307818088739
    11384.0657333340441255
    10200.1855831659922842
     6603.9569024782949782
     9537.1499889982733293
     7547.7343274268323512
     8748.5088154852874140
   663269.4139636261388659
    10238.1611338678412721
     6956.5108759719641967
    12597.2434546177209995
    13520.5696933423769224
    12114.6910146298705513
     7843.5265573868109641
    11326.4522393708648451
     8964.7221493711458606
    10390.3151582418759062
    10320.1908617784993112
   870214.4485030093928799
     8261.8527798746454209
    10866.2423685751691664
    11662.6418872300328076
    10449.1570706256243284
     6765.2293310796803780
     9770.6966279165226297
     7732.8186320870872805
     8963.0008337482413481
     8902.1759832232473855
    10487.7941454747524404
   863124.5730341980233788
