   101745.0648686302592978
    10407.5506412759132218
    10395.3032623317303660
     9542.2496217181615066
     7630.4610552967524200
    10890.7515770709433127
    10604.1802819150216237
     9101.7234603715623962
     9646.4460018277131894
    12846.0476642846515460
    11355.0848754483267840
   399479.2516415838617831
    11052.1792530927450571
    10145.2285543713733205
     8111.9161885941439323
    11578.1774518737965991
    11273.2656241031854734
     9676.5431836851712433
    10255.0676042294617218
    13656.3639519467396894
     9226.3343698513672280
     8990.2684258499357384
   719193.2734580695396289
     8243.1489636830756353
     6591.3026338378303990
     9408.6296726124437555
     9159.7967736173231970
     7863.2982222364798872
     8333.1344441721412295
    11096.6739952919124335
    10988.0447888354501629
    10706.9989082003612566
    10694.9745224974667508
  1527519.1346535941120237
     7849.5526349520978329
    11205.1515887274254055
    10909.1801295200057211
     9363.4851139704751404
     9923.4851727243058122
    13215.5038695613038726
     7518.8987179984160321
     7326.8176224029930381
     7319.4346467211371419
     6717.9712316267268761
  1661860.9981042798608541
     7667.6660482601137119
     7465.4452247470653674
     6407.8796062041783443
     6791.7063281758482844
     9043.7565846889883687
     8469.0381708605855238
     8252.9164530198795546
     8243.0879867015501077
     7566.4914412475054633
     6049.7419175104096212
  2602090.9634115984663367
     8407.6325909934203082
     7217.0003143651065329
     7648.9958197721989563
    10185.5236019472467888
    10415.1220100575283141
    10149.3913340784583852
    10137.7131017162118951
     9306.3693713827706233
     7440.3521731953060225
    10620.8278100457791879
  4365476.0375861749053001
     8876.4527414007534389
     9406.8360268481883395
    12527.2397744738664187
    14257.5835730321578012
    13892.8862010696502693
    13877.1291372177020094
    12737.8400299244767666
    10184.8993106424059079
    14538.3725674692432221
    14155.7833618836430105
  7926937.4028543345630169
    12876.8467455082081869
    17147.2059802524599945
    10945.5879861266985245
    10664.8785794024261122
    10652.9728917123538849
     9778.9890479450114071
     7818.4678731295107355
    11160.8870786666484491
    10866.7437133741077560
     9327.3161123780992057
  7654685.8876101113855839
    13164.4063751022968063
     8716.5842344873108232
     8493.5557998981894343
     8484.2994218878884567
     7787.2456517557657207
     6226.6836366532324973
     8888.0159144772205764
     8653.8583873040151957
     7428.5580112824882235
     7871.9843334064016744
  7265562.5493021449074149
