    59591.3916050168554648
     3969.2584700313545909
     6003.8988693645633248
     4427.7512771031542798
     5763.4933952152996426
     6602.1518643749986950
     5720.9367320299224957
     6850.2555870061714813
     7261.9932062676889473
     5695.0639869212882331
    12268.8621344442417467
   754906.5710701817879453
    10095.9990124756659498
     7444.2196607657606364
     9691.1362274344501202
    11100.7282908758879785
     9620.8093918370595929
    11519.1314253943946824
    12211.7252405947619991
     9576.3955962476502464
    14674.4547732646769873
     7983.2492883647582858
  2921899.0435475744307041
     8903.7275127554348728
    11591.4848385108853108
    13276.2542135859785049
    11506.5027575803760556
    13776.8345211986761569
    14604.8694915497380862
    11453.9092717048497434
     9287.8744670514497557
     5052.8904904121600339
     7641.9701711622083167
  4499683.5935197453945875
     7336.4663499805792526
     8403.2581798448773043
     7283.1010173696940910
     8720.6732359116740554
     9244.2453262867566082
     7249.0165020123358772
    13656.5981232824105973
     7430.2403166633621368
    11237.5166880025826686
     8286.4256997830489126
 12604597.6084911562502384
    12356.3817836393718608
    10708.2770324928551418
    12822.3207053944661311
    13593.0876938885703566
    10659.6269835152234009
    13543.1780274369139079
     7367.2323076906695860
    11143.4886232679345994
     8216.6341673702536355
    10697.8017636841741478
 21256088.0246779955923557
    10618.8403568284284120
    12714.9697067065371812
    13479.0211000924664404
    10569.9223612962668994
    13996.3791277683321823
     7614.1808374394513521
    11516.3599313245376834
     8491.9898499817882112
    11055.7345414597039053
    12663.6808468700673984
 35454931.6248586624860764
    13141.2967370224268961
    13930.4303946146865201
    10925.0993893242575723
    11158.8633479698055453
     6070.2164635566914512
     9181.5672077631716093
     6770.8276880985995376
     8815.0194724125958601
    10096.3248207388951414
     8750.0817494418006390
 41308427.3706597760319710
    11107.1219287949697900
     8710.0372793644346530
    10295.5482598128237441
     5600.9022542310694917
     8470.9993280618946301
     6246.6601818153158092
     8131.7463604381373443
     9314.3914623551281693
     8072.1740038616262609
     9665.7351081311553571
 53835142.8847708106040955
     8035.7189855595106565
    12321.3425839342726249
     6703.4305538565358802
    10137.8762012125971523
     7475.5706385781440986
     9732.5287719314164860
    11148.3419970347367780
     9661.5136203453203052
    11567.6770921320039633
    12263.4386935569636989
 91021337.0086344927549362
