    89026.0209607739234343
    10414.8990147984040959
     9106.6247126953694533
     6410.4887638959553442
    11566.9562715552237933
     9215.4875309468061459
     9809.0761567659010325
     7338.4674452968329206
     8920.9181728574876615
     8679.3501846044218837
     9995.0813212063549145
  1675766.7150045942980796
    12032.8785284644945932
     8471.0078478522173100
    15283.8255005428000004
    12177.4654200731274614
    12962.3607444708541152
     9696.1306612412427057
    11787.8505766013022367
    11468.7403596043695870
     9050.8540784146152873
    12462.4096826311979385
  7757019.1931222695857286
     7670.6187856275419108
    13839.9803068991914188
    11027.4873300757699326
    11738.4906294010179408
     8780.7798776692452520
    10674.8795771989407513
    10385.6332328613625577
     9285.8690925379123655
    12786.0187438769589789
    11180.0753722536610439
 25972494.4699144922196865
    14199.8510512142966036
    11313.7636435228014307
    12043.1155928823027352
     9008.8922988057347538
    10951.9550001940733637
    10654.7697196569024527
     7877.9063839827576885
    10846.9724779642056092
     9483.7273989360037376
     6676.5434299184653355
 50432817.4145963266491890
     9598.1822106398903998
    10216.5824746815178514
     7643.0533651683099379
     9291.2790917750626249
     9038.9874809552766237
     6526.5499937647373372
     8986.5545939487110445
     7857.8836198512381088
     5531.4979381144257786
     9980.7897855961655296
 89259212.4321530908346176
     8464.5670170845951361
     6331.6651844005782550
     7698.5208066428094753
     7488.6842312203707479
     8552.1474612283473107
    11774.4026595984632877
    10295.9460706217287225
     7247.9257838470966817
    13076.7132139974728489
    10418.4248191037731885
 215047313.3201234042644501
     8296.6674184264920768
    10086.4058245753967640
     9812.4757735897364910
     9331.7408298786122032
    12848.3899997123608046
    11234.2291217314359528
     7908.1772215122809939
    14269.2020409265041962
    11368.5158346910466207
    12101.8187310464309121
 412777906.9011332988739014
    11005.1244713753276301
    10706.4478537353352294
     7705.8456501751243195
    10609.1405830231215077
     9277.2758186630926502
     6530.4588984064812394
    11782.7136032378912205
     9388.4794139044515759
     9992.6909152092739532
     7475.5167191862510663
 535407241.9135817885398865
     8841.0111810499620333
     7340.3249895349681537
    10106.5633229654340539
     8837.6150338648221805
     6221.0776257197048835
    11225.0805936885899428
     8943.3285731260348257
     9520.3514509593005641
     7121.9489583607564782
     8657.3137381375563564
 779744465.2793709039688110
