    97617.9066495076112915
    11488.5258321538240125
     8236.4827808675854612
    11403.1634843837509834
     9608.0579061997832468
     9109.6517347510252876
     8974.6536878348197206
     8870.3838045001084538
    10592.2849398411635775
    11272.6598363509328919
     8724.1406009867150715
  2994973.1356724384240806
     8912.5354081596942706
    12340.4946984603320743
    10397.3379326887570642
     9857.0114761941513279
     9712.4022003985392075
     9599.5239046749993577
    11462.1880688287455996
    12198.7643745562800177
     8208.0497393455589190
    11696.1723994777239568
 22121534.8926043435931206
    11609.6795501073083869
     9782.6248903755385982
     9274.1915771968106128
     9137.7213968620253581
     9030.8112678732650238
    10784.1118735519721668
    11477.2552435428278841
     9317.3621516816238000
    13278.6871914844450657
     9518.9773817009754566
 102049042.0681864470243454
    11105.6973936872909690
    10528.1250193593677977
    10372.7662643082276190
    10251.9734712572844728
    12242.1102500340966799
    13028.6975438933950500
     6455.6703633888355398
     9199.0550108343722968
     6594.6025520905577650
     9130.6806332329069846
 220221328.0807804763317108
     7293.6010992471401551
     7186.3128622157946666
     7102.0437804346784105
     8480.3597073465243739
     9026.0371012146715657
    10625.5443998960490717
    15141.8543230546365521
    10854.4629682307713665
    15029.0534429113067745
    12663.8423051269655843
 907095073.1579045057296753
    11829.0505219785391091
    11691.3694047703702381
    13959.8639617737553635
    14856.5876729293286189
     7855.9910294883047754
    11194.8319557857903419
     8025.5185982740649706
    11111.5399947911355412
     9363.1440496276500198
     8876.2559494139495655
 1451752128.4062266349792480
     8644.2342701107972971
    10320.8609126080573333
    10984.9293213995224505
     7519.7310756098331694
    10716.7052910046822944
     7682.7079818618185527
    10637.3148615303744009
     8962.7908923742688785
     8497.6962546587565157
     8372.3033011308962159
 2712702660.1504702568054199
     9879.8945617583776766
    10515.7186214130724693
     6437.4822365771888144
     9173.0742730960428162
     6576.8502185259521866
     9105.9978461544524180
     7672.8220419476174357
     7273.7844588392163132
     7166.6256927335816727
     7083.1475993190770168
 4103366862.1949696540832520
     9000.9505244776555628
     7835.9855015061120866
    11166.9308721395264001
     8005.8809055077408630
    11083.4153927125425980
     9339.5560939065089769
     8853.7924464197003545
     8724.1603721872761525
     8622.0543918064740865
    10295.3620128857673990
 8392724755.9334907531738281
