   113648.9018101297406247
    10098.6996749903319142
    12921.9559517202815186
    12339.2818597858331486
     8708.3958354553451500
     9595.2144552382997063
    13589.5910533387559553
    14897.1169148890003271
    12417.7676305034328834
     6783.0768626983699505
    10048.2946360933619872
  5423068.7604912035167217
    10558.2316600246922462
    10081.8973893025358848
     7114.8498544551457599
     7839.5697104594137272
    11103.1304735995017836
    12171.9615608641270228
    10146.8527809036295366
     5541.7265730983071990
    11332.6819924999344948
     9306.1673706185865740
 67675616.6008854806423187
    11370.5922887452907162
     8024.7758149671417414
     8841.4357797654738533
    12522.4830600097047864
    13726.6596976524815545
    11442.7410932725488237
     6249.6225372637218243
     9577.6571773846317228
     7865.3999720710444308
    10064.5652860401714861
 323190227.2845204472541809
     6782.1938664242052255
     7473.1363166499322688
    10583.3941763650345820
    11602.1343064963748475
     9671.0181312538934435
     5282.0185527866051416
    10016.8382159529301134
     8225.9400997400389315
    10525.4281615533909644
    10051.4063998848778283
 1335577690.8806509971618652
     7814.9083708323050814
    11069.0080284506893804
    12133.7170867712356994
    10114.4790387963876128
     5524.7928910342188829
    10691.0787853284873563
     8780.0035605323428172
    11234.2783453542942880
    10727.3506803121435951
     7571.1405291032369860
 4220548072.7921576499938965
    11813.8909494060517318
    12950.8644448881568678
    10795.4820603097923595
     5896.7245166617058203
    12203.2811375357559882
    10020.6256958377689443
    12823.0187784575664409
    12244.0725409625156317
     8640.9919302383259492
     9520.4423965164296533
 11680992085.3242073059082031
    14782.2116385191275185
    12322.0658850872132462
     6729.9698696340419701
    11346.9002306829897861
     9317.4456530895986361
    11923.2110753017987008
    11385.2234296560691291
     8034.8875235769710343
     8852.7223399052018067
    12537.9708309868274227
 23885124289.5554695129394531
    11457.7915159255171602
     6258.3132874161037762
     9904.2825328572216677
     8133.2138912321543103
    10407.2009581881557096
     9938.5866062211061944
     7013.9084510615357431
     7727.4186809506099962
    10944.7430469999708293
    11998.0422824360030063
 43328229619.0424728393554688
     5462.2928615062219251
     7738.3639250297865146
     6353.9543920325186264
     8130.4166237742319936
     7764.1476249904690121
     5479.2479595847844394
     6036.8176806201809086
     8549.8037497654404433
     9373.4281500193410466
     7812.9811164922994067
 67239165489.9069366455078125
