       -0.0327106948968584        0.2558671326031277       -0.2078659129837665        0.0411767671785890       -0.4656526688010010        0.0260424436976014       -0.5026918820209281       -0.5992581482224109        0.2401057859954482       -0.0398421283635696
        0.4642129787470101        0.0639067380005962        0.0484235872952096        0.2198068593829449       -0.4726653402084414       -0.0652914182055759        0.1903932788796727        0.3203338489751015        0.1931505419718138       -0.5708908297837711
       -0.4348028185544303        0.4757790670718994       -0.1781310424969967        0.0705931168700849       -0.2689734147200762        0.2745656628841533       -0.1613269605427589        0.5180517154375789       -0.3237348953961017        0.0304217067028732
       -0.2679736971044950       -0.4324968299440257        0.3550178120777961        0.1158304844178538        0.0637098126501821        0.5765035572782042       -0.2702438152724830       -0.0568750571651372       -0.0069771122304841       -0.4346858383218278
       -0.0621046064718612       -0.1421371185918379        0.2507047278286657        0.3979015481764236        0.0773183269916165       -0.4595299654086530       -0.5618692132771183        0.3577084934885702        0.2397276614810732        0.1910337958519154
       -0.0547942547026755        0.0051620640512963        0.2038893440896310        0.7525235523637424       -0.1858500606869509        0.0660113631402673        0.3515702175623591       -0.2844417514417321       -0.2606856357685402        0.2788277382072146
        0.2704727387488775       -0.1437125174576573       -0.6184466313086686        0.3326876054827770        0.2449103476209304        0.4400095442518122       -0.0651715841084435        0.1543052554132884        0.3057561780256423        0.1946796503799394
        0.6050024875978776        0.2597484808430315        0.1557884553279949        0.0360165522346322        0.2668007088207775        0.1194100249272216       -0.3877230686664206       -0.0671610871021020       -0.5469668373397232       -0.0384915422542978
        0.2728663170585306       -0.3033503134043778        0.2437579771745593       -0.3076690371471815       -0.5097613420403062        0.2762320314407861       -0.0597816214567543        0.1713984329453076        0.0007102114058007        0.5570743594925981
       -0.0455411413448631       -0.5627211829249588       -0.4754899031563301        0.0182625010300153       -0.2276197244662912       -0.2960060634407671       -0.1205992408595996       -0.0101450693631055       -0.5311334095588038       -0.1366256972439368
