        2.0441722583333761        0.3448031349295932       -0.0342703663938967       -1.0521026388630386       -2.1569874801497568       -0.0969276931287435        0.6176576748999061       -0.7540801012993532       -0.6300731104964987       -2.5213890314100889
        0.9356491522661040        0.3802283235160995        0.4086980448353765       -0.4736611717457278       -1.2794975226633354       -0.1473654901322395       -0.0002066724259548       -0.1611140145698178       -0.0990146985319249       -2.4515919084351783
        1.2592891473939254        0.4543921322806873       -0.3351468962032354       -1.0026776475194872       -0.5334856132373668       -0.2717540426706589        0.1971538528775277       -0.5580197973097841        0.1602580257727987       -1.8375907635974758
        1.3936649653763804        0.1443503493514839        0.1249479717573235       -0.3623549772970937       -1.0231668835345429       -0.4322597324455430        0.7458303289100725       -1.1110033858667920       -0.6340146096679417       -2.6206024149877223
        1.4182530821542363        0.3564447582155229        0.0548389552146047       -0.6126436717624522       -1.3184366891478101       -1.2216559839003625        0.2172284824294926       -0.3697951997402192       -0.4502302478657200       -1.9329811923573672
        1.3510520893451592        0.6282319342486775       -0.4579382443635259        0.2187756352965330       -1.0165299843376767       -0.1757967192536115        0.0200846366260006       -0.4376024230104421       -0.2222456672088634       -1.6687949818020185
        1.2202561137289791       -0.0074337001318593       -0.3974906531719566       -0.3692016687869949       -1.1466762203611049       -0.3907144496283414        0.9294886846039820        0.0864846605804895       -0.0700102982348968       -2.1155679534596081
        0.9758620357073458        0.4487922403091009       -0.6228752765954894       -0.8388971751701568       -1.3531511755872669       -0.3726201218582191        0.2732687596496910       -0.4167990997527705       -0.9917735333183889       -2.5406161607786952
        1.2232156474563443       -0.0766220914009859       -0.5073680539016702       -0.6443174287020685       -1.9528752157093408       -0.6027351612771092        0.2271414407505610       -1.0455631665373206       -0.0244753185231432       -2.6674633029931423
        0.8973917436545652        0.9929545465942362       -0.1359358593423975       -0.6067748299486960       -1.6147259792107902       -0.5074587254202524        0.8666788040994070       -0.7540718619399362       -0.1326860563219178       -2.1795479831972910
