        9.9292379801602770      -13.7819174915432132       -3.0276989837635271        4.8450346394929289      -18.6239946312967213       11.2412229233793486       -5.9715695637787638        5.7781131735028577        8.4753354861943784       -7.2973319145258246
       10.4865805955626588      -15.1939146353436847       -2.1386492361599814        5.5371642359775466      -20.7637009320792707       12.1403303582549782       -6.9884258685153267        6.4876542782392645        9.8322833172818402       -8.0832369768818388
       11.5654754641978634      -17.6503836297987711       -3.4779722975716951        5.8631290358803954      -23.7340224874264045       13.7890974122515608       -7.3190307280255924        7.2526403744938017       11.7675944463334421       -9.2896321808565308
       10.3791183700541865      -15.0500357878106072       -2.2221225871879122        4.6927125949142958      -19.9647081917521447       11.9361074780513778       -5.8596794024672008        5.6171763259703269        9.4308496694986790       -7.6225139639686805
       11.2402674248047187      -15.0975599582760722       -2.7904496576616133        5.1196323523064295      -20.6005247659062505       11.9232496432093207       -6.7523281320131092        6.0624558194816469       10.5452437542262221       -7.9865431529897126
        7.5537470781703488      -11.0291464310718439       -2.1071070077007623        3.4549373190505213      -15.2051902114421278        9.5208343732343703       -5.3724138537207313        4.2027663966747122        7.4263296381110209       -5.7000661716621543
        8.7490703055021459      -13.3516711350469173       -2.3984018830645715        4.6672520133114475      -16.8358735203810745        9.9410584591957480       -5.8378451087532675        4.6912350536827931        8.2767332635458857       -6.4395072514958880
        8.9482961658144600      -12.7883792542085910       -2.3759960663730797        4.9123951733806361      -17.6838382835218155       10.5335698384413696       -5.3435905555153997        5.1785735163387550        8.6463859363138731       -5.9881786853668260
        7.1160862880793267      -10.1028340429143864       -1.8708750794169540        4.0695437967148029      -13.9902269834862292        8.5065716112590941       -4.2904750849687616        3.6213554627952140        6.8958767859450498       -5.9309016495762794
        9.7614774325915192      -14.1716276844979827       -2.3988713239046122        4.9368423913147117      -18.1935444865166431       11.7340189020206562       -5.9262687164798953        5.9497191103463454        9.5079688629122661       -7.3265348374866273
