       80.4081704518900295     -114.1892944355421520       74.6185597273240546       18.7554608427665634      -42.1266079815888830      135.2241754722408587      -67.2404705556929798      -67.4019788557865667       35.3964623612970044      -87.8727771391335324
      123.7397912359502641     -176.2341898355075500      113.9821523353143391       28.4334902871093931      -64.0560405983217152      208.2390883006050615     -103.9018755152970641     -103.5782172803094028       55.2645425034004631     -136.1953041778296551
       99.0651545046964088     -142.0676443543127903       91.7266459232705671       23.1173881942463844      -51.8705884089149833      167.5145322228868849      -82.6565101296346967      -82.8896837295855846       44.5985680047387021     -109.0053102299550289
       96.9361653616738579     -138.1124460245421517       89.5134606905854753       22.3680454279376661      -50.5998116734939671      164.5818852671797572      -81.1855803928814339      -81.1879063308180946       43.0281542973854911     -106.9460748874574278
      115.9060111166294007     -166.0665607386954150      108.1031644108868051       27.1048565603772751      -61.1706024405679116      196.6736312654207950      -97.9491253398722250      -97.4385372698569796       52.2012631945397345     -128.7765279980734476
      102.5252520276889499     -146.1892206671970200       95.3398729988663263       23.0131922372195596      -53.5825034010397658      173.3035566786258528      -85.6605330057471406      -86.2955523577135466       46.1664492027021254     -113.1099043906248056
      113.3513636750696776     -161.6834928428145588      104.8128062241441683       26.3019291847379009      -59.5653853338658763      191.9909866586023952      -95.4929023813221818      -95.4784646278373401       51.3903012266931043     -124.5927536065430559
       87.0586873076454140     -124.8776222091274661       81.2912194931437000       20.6116984690942857      -45.1015011046666174      148.0351072550226661      -73.3279012791745259      -73.8973173487734698       39.2355002456164854      -96.3814014668780743
       98.5681812619200315     -140.9807757085783919       91.8711047375968235       22.5531381521444274      -51.2254326819333272      167.1132258453160375      -83.2502484225290544      -82.3376075875001732       44.3178060290774454     -108.3418742032232132
       76.4027306511276407     -107.9793400829161385       70.6670485082856743       17.9546479739203342      -39.4810692546037316      128.5193830810402176      -63.5628551601472012      -63.4269576459169713       34.5093883070155201      -83.8645900466419931
