     1120.8235957254232744    -1689.8461424422735035     -372.4560293144159004     -767.1619856767659940      132.4225718488171992     -333.4156955944986294     1464.7923559309081156    -1810.2948729692293455    -1045.3507975662139415     1016.9206376812531971
     1044.5374294002065199    -1573.4471141665324012     -346.5824217419802835     -713.8216639027706378      122.8347418853430355     -310.5604610583614544     1363.7523856380885263    -1685.0533709350509071     -973.3730548977368926      946.3338635345676266
      965.9221275664068571    -1456.2649489343230016     -321.5308758854358189     -661.0400142047519694      113.3913244297456941     -287.0436481917561196     1262.4986479521976435    -1559.1962048203590712     -900.6010473305240112      875.7669888312552757
      537.9323347720619495     -811.3521586174711047     -178.7608466850846014     -367.6166383879335058       63.2400825985040527     -160.0328380580172336      702.8535312078081461     -868.1563636061014222     -501.4105458148397361      488.5468866694201893
      984.0363629168674606    -1482.2154798010431023     -327.3664335384789865     -672.6988083880404474      115.5052745750560632     -292.7357027768965168     1285.5510675453654130    -1588.4176894607389841     -917.2490912106957239      892.5578887360443332
     1034.0794989280855134    -1558.7247523132552942     -343.6180384583864793     -706.8793012789128625      121.3650010669652772     -306.9055371462283688     1350.9920579387210182    -1669.9459862645130670     -963.7740190917645577      937.6608661202294570
     1166.3709600998067799    -1758.3613777414880133     -388.2988430011088781     -797.1721435744591417      137.5704726758148411     -346.9269382592926263     1523.8580228834573518    -1883.2847499940219222    -1087.8865077987506993     1057.5671117401345782
     1213.7942809106014010    -1829.7504561180678593     -403.2327453777587607     -829.8857090561322138      142.7511708054377095     -360.6721983269377461     1586.7313637812465004    -1959.8850881336513794    -1132.5765383783482321     1100.9943163818054472
      976.2446456603296383    -1472.2497630908769679     -324.4799796376913150     -667.8286891207953886      114.3234558564037826     -290.9880007632500565     1275.9932071701980476    -1576.9829992592788130     -910.7625158622795425      885.5089578959451728
      804.7795444642109715    -1212.9886481190928862     -267.6097452088200725     -550.5679191391642462       94.3296319939903469     -238.9545220993244641     1050.8448097858995425    -1299.2021455884096213     -750.9327612281584834      730.0013869722650952
