    11235.8804073666324257   -15350.9904436897213600      158.0609799176080514    -4249.7466497012901527    -4267.1475383436782067    -4160.7684918096983893      637.5396023463883921   -27082.4734991169571003    -4082.0441373184135045     4861.4922462284248468
    10362.1877381103458902   -14157.3078640328312758      145.2419854347186572    -3919.0375052831468565    -3935.0722620215301504    -3837.6801818610720147      587.3325669308684382   -24975.5637727855391859    -3765.0920633373630153     4482.9043100378376039
    11656.5524251278020529   -15926.6403893280712509      163.0236578861287740    -4409.3898495921957874    -4427.2373169727143249    -4317.1213991076656384      660.8246911514429485   -28097.7653754358689184    -4235.3743560372286083     5044.0621760707308567
     7877.7999835273449207   -10762.1502362471510423      109.9887632774062780    -2979.8336056373441352    -2991.6895371844266265    -2916.7433384339283293      446.7323145565327422   -18987.3848372011707397    -2862.3251594825846951     3408.1471420851585208
     8145.9503410625675315   -11128.4156407210612088      114.0816928631713125    -3081.1201778629529144    -3093.5891542258914342    -3017.1109641065399956      462.1260162247843368   -19633.1495489415137854    -2959.3917696324710960     3524.7572339655539508
     8492.9654894838131440   -11603.4493430921047548      119.0835293654020290    -3212.7555207124310073    -3226.1652019391726753    -3145.4187061477996394      481.4855599813211029   -20470.8560546176267962    -3085.3637306184300542     3674.1481145652205669
     7897.7765613963038049   -10790.2820458416626934      110.5806720885594814    -2987.2452088641566661    -2999.5843903142731506    -2925.3850874790064154      448.3152261144207387   -19037.4397086745848355    -2869.8761163528865836     3416.8632239277640110
     9839.3978800335062260   -13443.1555384312432579      137.2485779809917972    -3721.2860078827566213    -3736.8164200903183882    -3643.8980544725332038      558.4041375281908586   -23716.0941078865835152    -3574.3259875214471322     4256.9901026720508526
    10950.3905915520062990   -14960.8041635912904894      153.3175155787743620    -4141.2522356056806530    -4159.5540976421461892    -4055.2026697187193349      621.0975945090897312   -26393.9616181229030190    -3978.8470503398411893     4738.0448805597243336
    14561.8830590164197929   -19894.3832229067666049      203.9375293681386836    -5507.2823992222538436    -5530.4088910438858875    -5392.8798898586146606      825.2383070509728213   -35099.1322496048305766    -5290.2342768182361397     6300.3812161872056095
