          10   8.83631957046782857922666275385641971E-0002  0.383145242103413857381766397131385580        0.390403159503174358549916862808542602       -0.120519923460483551025390624999980820        0.119280076730251312255859375000015263      
          11  0.446908560676524327515993778616359923         1.26093491138272071638861985673905730         1.25597142631685033440482117795745363       -0.120519923460483551025390624999980820        0.119280076730251312255859375000015263      
          12   5.16713179403400952699529788719584254E-0002  0.449132757821623016096307332611071745        0.463260691757383066191149252741355982       -0.120519923460483551025390624999980820        0.119280076730251312255859375000015263      
          13  0.317643961419944049276722960207854324        0.601965360008496747407687788106936872        0.603149971144991845796490393709437689       -0.120519923460483551025390624999980820        0.119280076730251312255859375000015263      
          14   3.28406768523332746046974661560629201E-0002  0.400695296790964816521627564357126934        0.417962715331924015959824557843556036       -0.120519923460483551025390624999980820        0.119280076730251312255859375000015263      
          15  0.236141249288146250631158528244024908        0.112543861367524532944711361606094254        0.117504480565768338777633065263791948       -0.120519923460483551025390624999980820        0.119280076730251312255859375000015263      
          16   2.21918561470195473014439618147612145E-0002  0.307167477484810833565239571906550552        0.324310788864984243498344224606307826       -0.120519923460483551025390624999980820        0.119280076730251312255859375000015263      
          17  0.181511436612843014736969816921474260        0.217219138941550186394285839659801641        0.210575471757024522423816118920139390       -0.120519923460483551025390624999980820        0.119280076730251312255859375000015263      
          18   1.57161745918201051933659685453637234E-0002  0.204670084036440001186849050535378374        0.219123137944477090547007650882352699       -0.120519923460483551025390624999980820        0.119280076730251312255859375000015263      
          19  0.143140990092652020713219799353061519        0.405060311759252622243107767029029801        0.398423766539103512285588994614945926       -0.120519923460483551025390624999980820        0.119280076730251312255859375000015263      
          20   1.15493753769092857710666476892016976E-0002  0.112064929170277540211807875689625657        0.122117241769307524420829625978156851       -0.120519923460483551025390624999980820        0.119280076730251312255859375000015263      
          21  0.115177968328752811429681909973674331        0.474739269234579254824192726865257807        0.469327511109505913232876469040805786       -0.120519923460483551025390624999980820        0.119280076730251312255859375000015263      
          22   8.74403276973279611767347886699847991E-0003   3.82713302054709727884741648395580396E-0002   4.31227132644275412324733863057061959E-0002 -0.120519923460483551025390624999980820        0.119280076730251312255859375000015263      
          23   9.41821829106534329958742916712552716E-0002  0.453749419000129257487563035877682009        0.450276821068684959381711928056278963       -0.120519923460483551025390624999980820        0.119280076730251312255859375000015263      
          24   6.78373747537179585223748694146524996E-0003   1.38558376423435300857720396836091361E-0002   1.41461840522605486347385566157781604E-0002 -0.120519923460483551025390624999980820        0.119280076730251312255859375000015263      
          25   7.80252039249631513548688099639722390E-0002  0.370832656923508959284528661817609473        0.369543145917912687973452745621604665       -0.120519923460483551025390624999980820        0.119280076730251312255859375000015263      
          26   5.37063034927261939318031007733406616E-0003   4.51976866253216104580369489025465043E-0002   4.98485689926903551652110114924102659E-0002 -0.120519923460483551025390624999980820        0.119280076730251312255859375000015263      
          27   6.53329396307971502878600366392256606E-0002  0.253606804101221788357274258520836454        0.254340484406854548521223708516855685       -0.120519923460483551025390624999980820        0.119280076730251312255859375000015263      
          28   4.32460218219205643476811802470187808E-0003   5.88199884098315967295653582508193618E-0002   6.65341907584534140016517309402345896E-0002 -0.120519923460483551025390624999980820        0.119280076730251312255859375000015263      
          29   5.51861991050572898872921726083922802E-0002  0.126490934467634324552194183163203127        0.128797736805327345508489057028964682       -0.120519923460483551025390624999980820        0.119280076730251312255859375000015263      
          30   3.53235655607781109130032786707356924E-0003   5.88730109372170082082782784995868608E-0002   6.80807653355195011719918990507334548E-0002 -0.120519923460483551025390624999980820        0.119280076730251312255859375000015263      
          31   4.69517231646826456774061415940694906E-0002   9.16017655250890776036402829124600580E-0003   1.24072976450470528356722331514636490E-0002 -0.120519923460483551025390624999980820        0.119280076730251312255859375000015263      
          32   2.92030746977806338659780203095332372E-0003   4.97951190267788391058555914894883076E-0002   5.89045439140132048779768078256194502E-0002 -0.120519923460483551025390624999980820        0.119280076730251312255859375000015263      
          33   4.01816951771637014350843604709350493E-0002   8.44239264954965396419761664254901891E-0002   8.09185368983457461473500422315817690E-0002 -0.120519923460483551025390624999980820        0.119280076730251312255859375000015263      
          34   2.43898703898347633846682504426012104E-0003   3.57469401030172109702930700871928668E-0002   4.33674410526790319955034604438060916E-0002 -0.120519923460483551025390624999980820        0.119280076730251312255859375000015263      
          35   3.45518502679831005313333157659403683E-0002  0.146308384147515214807989944327210067        0.143170284957488940612714025571010655       -0.120519923460483551025390624999980820        0.119280076730251312255859375000015263      
          36   2.05454179146749903689120848367726402E-0003   2.02395960790622928728838196287000983E-0002   2.53569264335116194640707390122351284E-0002 -0.120519923460483551025390624999980820        0.119280076730251312255859375000015263      
          37   2.98231322808435705871100515881336961E-0002  0.174240396571136864595514834277328932        0.171952249175935395693509063719743531       -0.120519923460483551025390624999980820        0.119280076730251312255859375000015263      
          38   1.74310009253601403479942767889253599E-0003   5.93051428868200419951819915703758686E-0003   8.00968894082308228262333544161282082E-0003 -0.120519923460483551025390624999980820        0.119280076730251312255859375000015263      
          39   2.58162852260156035138278447941503876E-0002  0.170836600774839485410564064286349796        0.169682865244040103531051630076342940       -0.120519923460483551025390624999980820        0.119280076730251312255859375000015263      
          40   1.48758448131176480428566839549861115E-0003   5.44437805486212139513174512761012020E-0003   6.42955892566348847042684894369255563E-0003 -0.120519923460483551025390624999980820        0.119280076730251312255859375000015263      
          41   2.23941896315727362228446838357688962E-0002  0.142366691671788639239402995087807687        0.142417186948740199210889957915037494       -0.120519923460483551025390624999980820        0.119280076730251312255859375000015263      
          42   1.27551081217040446408925722217972393E-0003   1.30236240061938666916772024122803934E-0002   1.66366258442287808633673922120440281E-0002 -0.120519923460483551025390624999980820        0.119280076730251312255859375000015263      
          43   1.94511481667230952172057265197684340E-0002   9.73358412663303934460587202544572721E-0002   9.84609810003381868528239948385852352E-0002 -0.120519923460483551025390624999980820        0.119280076730251312255859375000015263      
          44   1.09766510027940244430914887445241372E-0003   1.66924396469408371886903527217650545E-0002   2.21409737163707214854970849537651114E-0002 -0.120519923460483551025390624999980820        0.119280076730251312255859375000015263      
          45   1.69043165411892776607932099049875082E-0002   4.50326808639433607640097116670640105E-0002   4.69421325854081680295862166850100546E-0002 -0.120519923460483551025390624999980820        0.119280076730251312255859375000015263      
          46   9.47051778881836120534279902102575987E-0004   1.69039532150356295993637278254757801E-0002   2.31873320379312726004293234616241823E-0002 -0.120519923460483551025390624999980820        0.119280076730251312255859375000015263      
          47   1.46878956603410378038014056678567253E-0002   5.79751298145628205499236936810924022E-0003   3.48813947427480764935926440744317473E-0003 -0.120519923460483551025390624999980820        0.119280076730251312255859375000015263      
          48   8.18395194475558361781754737788154400E-0004   1.44776613313867762123179467603049663E-0002   2.05530305796721358491830006035766686E-0002 -0.120519923460483551025390624999980820        0.119280076730251312255859375000015263      
          49   1.27494448491207573483781246527038873E-0002   4.80035976191974499338052038564524268E-0002   4.57059631828334305881539069649282003E-0002 -0.120519923460483551025390624999980820        0.119280076730251312255859375000015263      
          50   7.07562196573361578502726290061047739E-0004   1.04035595447324198850553686775257492E-0002   1.53437075239125371631474566955088428E-0002 -0.120519923460483551025390624999980820        0.119280076730251312255859375000015263      
