          10   1.54645931461719083729868996905499397E-0002  0.533222670760089209080059269271952073        0.553712756432487946435501038624131373       -0.120519923460483551025390624999980820        0.119280076730251312255859375000015263      
          11  0.194113685346423466343539817943313051         3.51197997578958735161358499057506058E-0003   3.48436092938154827706423943264674805E-0003 -0.120519923460483551025390624999980820        0.119280076730251312255859375000015263      
          12   3.75493995798686846897164882357340868E-0002  0.339767066189828210955839502047413848        0.359419310567967265013222231722461095       -0.120519923460483551025390624999980820        0.119280076730251312255859375000015263      
          13  0.585834937597826737112069823316098434        0.501620393200184256316837424945999278        0.492510272647558036380419947297086553       -0.120519923460483551025390624999980820        0.119280076730251312255859375000015263      
          14  0.100140435257715353843346602708700054        0.142185125402475982488278993847107128        0.154322661751727128582907234806275202       -0.120519923460483551025390624999980820        0.119280076730251312255859375000015263      
          15   1.84565324822889008441901753910613026        0.639785546459269033576475349005055273        0.632856782822389079733308192160953482       -0.120519923460483551025390624999980820        0.119280076730251312255859375000015263      
          16  0.285963341644521849431977120881092634         8.17538146473538084980072875032221833E-0004   8.94258528385019086605586061059914496E-0004 -0.120519923460483551025390624999980820        0.119280076730251312255859375000015263      
          17   6.00176866684976688372222365190123664        0.520747103326542054136083780198634036        0.518220653417316245486824805816917704       -0.120519923460483551025390624999980820        0.119280076730251312255859375000015263      
          18  0.860134530684583177364866167176494656         7.60079826624026434413594694113243739E-0002   8.37021996433349796824028287984668742E-0002 -0.120519923460483551025390624999980820        0.119280076730251312255859375000015263      
          19   19.9960854453370162422030485321160369        0.267720167727335193413727404951262750        0.269688002681323525199871461517949478       -0.120519923460483551025390624999980820        0.119280076730251312255859375000015263      
          20   2.69460064492963609806981525930483809         9.32252024039086122831294137941032652E-0002  0.106289983115196305325403383630719428       -0.120519923460483551025390624999980820        0.119280076730251312255859375000015263      
          21   67.9093500590599854057843490663652258         2.46353822860905053285787534250049759E-0003   2.44300821317767336934725027606577204E-0003 -0.120519923460483551025390624999980820        0.119280076730251312255859375000015263      
          22   8.72165412341200127979199397922516985         7.24893131338376294311653319744115255E-0002   8.55577602478824110618267274763602471E-0002 -0.120519923460483551025390624999980820        0.119280076730251312255859375000015263      
          23   234.230430425759026602340413154705735        0.202080586523401833180964246407179619        0.196593408720639230028068827154763664       -0.120519923460483551025390624999980820        0.119280076730251312255859375000015263      
          24   28.9924087941633407982984892683368664         3.54075667058343424646076210979301882E-0002   4.36980719799603901960437664065221554E-0002 -0.120519923460483551025390624999980820        0.119280076730251312255859375000015263      
          25   818.294226190937500695662873296198240        0.286053828784927610039202848308307226        0.282205948592272803740113638520993372       -0.120519923460483551025390624999980820        0.119280076730251312255859375000015263      
          26   98.5295305449714268568203312795791854         3.87116009853135264662473069857747824E-0004   4.83417501003781798102288162332978844E-0004 -0.120519923460483551025390624999980820        0.119280076730251312255859375000015263      
          27   2889.57189560290701679789974533353043        0.253799055943144766784333293064629655        0.252916989583064458989997708202177545       -0.120519923460483551025390624999980820        0.119280076730251312255859375000015263      
          28   341.108208148087763269079621642018491         2.40827962534047572717088533769564178E-0002   3.04073385536735022216382475749047378E-0002 -0.120519923460483551025390624999980820        0.119280076730251312255859375000015263      
          29   10297.2163387772565160901473980290976        0.140019713539897008110833804714527988        0.142175029253248898663792445664710338       -0.120519923460483551025390624999980820        0.119280076730251312255859375000015263      
          30   1199.56302506322417086542359510820312         3.21291430649287902152747937773582022E-0002   4.28431579140063596592544317513489875E-0002 -0.120519923460483551025390624999980820        0.119280076730251312255859375000015263      
          31   36984.2880012075487082831250607339065         2.06707151307253822468091273913410079E-0003   2.04835559626735149302133359003794283E-0003 -0.120519923460483551025390624999980820        0.119280076730251312255859375000015263      
          32   4275.19993165506038738313905883909067         2.68339339629127042299962256365723955E-0002   3.77027073841130696677179267048995606E-0002 -0.120519923460483551025390624999980820        0.119280076730251312255859375000015263      
          33   133746.266308919793434919684289139107        0.119834725855881227682603851709195077        0.115489949860860485034800250368427772       -0.120519923460483551025390624999980820        0.119280076730251312255859375000015263      
          34   15412.4070834303752932839098176968489         1.39027270899700118452294064418375701E-0002   2.08501169383996366010144336532745128E-0002 -0.120519923460483551025390624999980820        0.119280076730251312255859375000015263      
          35   486575.309758906743956403186236134343        0.177235057862980017822643073484747175        0.174359864492594911662713384377070705       -0.120519923460483551025390624999980820        0.119280076730251312255859375000015263      
          36   56115.7644586581391685757426400809222         2.25359958082221582760971495231432831E-0004   3.43954711531290071630260604003533887E-0004 -0.120519923460483551025390624999980820        0.119280076730251312255859375000015263      
          37   1779598.52352510128623644800778833045        0.163559302248382231861373698739867487        0.163195487946958436303740264961620504       -0.120519923460483551025390624999980820        0.119280076730251312255859375000015263      
          38   206078.042669528842669205108562159176         1.05199181173647272810424989235673590E-0002   1.63360999517473409942750837251243588E-0002 -0.120519923460483551025390624999980820        0.119280076730251312255859375000015263      
          39   6539524.05302267896633043904703344961         9.32876587430844382510345524972068984E-0002   9.54701653339996759227935861125683555E-0002 -0.120519923460483551025390624999980820        0.119280076730251312255859375000015263      
          40   762488.780568850947329671678806094595         1.45335464522749662826864271892732413E-0002   2.43684996113461453042055727631888664E-0002 -0.120519923460483551025390624999980820        0.119280076730251312255859375000015263      
          41   24132919.4146395701574417474192383830         1.90558952310756321702496290427346253E-0003   1.88680361806301824345988756242488218E-0003 -0.120519923460483551025390624999980820        0.119280076730251312255859375000015263      
          42   2839789.28006896756812852563472524056         1.25089207418158458016482081333640697E-0002   2.25533171005070105742762694874425296E-0002 -0.120519923460483551025390624999980820        0.119280076730251312255859375000015263      
          43   89398858.4353043908038172732639574248         8.56803147598228313747698733802811061E-0002   8.17953614151990253562273528399594656E-0002 -0.120519923460483551025390624999980820        0.119280076730251312255859375000015263      
          44   10637659.2450470118015752149486735918         6.63362430310157099791365519892384511E-0003   1.30726838144031186378365430854715344E-0002 -0.120519923460483551025390624999980820        0.119280076730251312255859375000015263      
          45   332320163.127485436002064541363946420        0.129693725578129800349961025534803203        0.127223991130737137312086698545143983       -0.120519923460483551025390624999980820        0.119280076730251312255859375000015263      
          46   40051577.9909114635087090110141106958         1.41901193326447535468951107301088641E-0004   2.87308932101961270394378691899297327E-0004 -0.120519923460483551025390624999980820        0.119280076730251312255859375000015263      
          47   1239222079.16218306409652772122501883        0.122338341089117007734047863944053584        0.122213518063618985861337736765046001       -0.120519923460483551025390624999980820        0.119280076730251312255859375000015263      
          48   151479768.323165900180798866042249577         5.26179779254902998729242594502709326E-0003   1.09571840021057971575770568919365963E-0002 -0.120519923460483551025390624999980820        0.119280076730251312255859375000015263      
          49   4634381425.87156814454078720030389131         7.10751202156703960783084389942073709E-0002   7.33083278609367094113084491124028890E-0002 -0.120519923460483551025390624999980820        0.119280076730251312255859375000015263      
          50   575219638.629651574264772201569823698         7.33501843480030168090852986182940313E-0003   1.69545960691426869278224211351277217E-0002 -0.120519923460483551025390624999980820        0.119280076730251312255859375000015263      
