          10   3.61556274631281342625633198036322605E-0006  0.490180547183069428786950095476604231        0.503100613697155852950234713139145103       -0.120519923460483551025390624999980820        0.119280076730251312255859375000015263      
          11   4.09737823694416830030681225549236998E-0005   1.91395628255977094376604770922221104E-0003   1.89302527989707750370500341419019987E-0003 -0.120519923460483551025390624999980820        0.119280076730251312255859375000015263      
          12   2.69251799478631744913309673744234526E-0005  0.316279207114479714961208557018839610        0.328075142452367425521751397019415571       -0.120519923460483551025390624999980820        0.119280076730251312255859375000015263      
          13   1.27057175874565844153550418545620382E-0005  0.218758616146562656448412666189507194        0.213440581400223224654799144741488341       -0.120519923460483551025390624999980820        0.119280076730251312255859375000015263      
          14   1.45387387567318474265217979882457744E-0005  0.130824888073295143555234901340621546        0.137788556258944108768245108234795564       -0.120519923460483551025390624999980820        0.119280076730251312255859375000015263      
          15   1.67288242919385812546031700753104232E-0005  0.231886324365875327639926744066553865        0.227295574111970165423584357521665089       -0.120519923460483551025390624999980820        0.119280076730251312255859375000015263      
          16   1.48497526515408543709045707417537770E-0005   6.88469496664560175116959771088337778E-0004   7.22723155663026269281330090381549885E-0004 -0.120519923460483551025390624999980820        0.119280076730251312255859375000015263      
          17   1.30488558015337263139070188013306250E-0005  0.160220847374559659123956262437388698        0.157559054390710560668975735165956533       -0.120519923460483551025390624999980820        0.119280076730251312255859375000015263      
          18   1.24841751115196136361766867370211386E-0005   5.55618086776209401119980099525848152E-0002   5.77879633069281853813065609419731167E-0002 -0.120519923460483551025390624999980820        0.119280076730251312255859375000015263      
          19   1.20227503852112141881759160732203815E-0005   6.96240912819011599065869759476810585E-0002   6.91563997998223332488844142120385840E-0002 -0.120519923460483551025390624999980820        0.119280076730251312255859375000015263      
          20   1.13329379364924312432787664282687518E-0005   6.12715367799378310189609561654283150E-0002   6.47799559204104996019370257502653137E-0002 -0.120519923460483551025390624999980820        0.119280076730251312255859375000015263      
          21   1.07014654098894342757331697121593112E-0005   5.09275327414360911855483336769712442E-0004   4.97833153427000242763129264569195193E-0004 -0.120519923460483551025390624999980820        0.119280076730251312255859375000015263      
          22   1.02048572975502023856896995496431890E-0005   4.36486194521240892756820026540312363E-0002   4.67983067391405621311163194101939163E-0002 -0.120519923460483551025390624999980820        0.119280076730251312255859375000015263      
          23   9.75622494358339432470929843000716490E-0006   3.18914963285123230697831126089659844E-0002   3.04756513527962226422964838052722197E-0002 -0.120519923460483551025390624999980820        0.119280076730251312255859375000015263      
          24   9.32647482247354849119127020565035076E-0006   1.94125676128706798428736467990913276E-0002   2.12802058207461288030515397846544937E-0002 -0.120519923460483551025390624999980820        0.119280076730251312255859375000015263      
          25   8.93177796913482738523522046268377188E-0006   3.60442045075416224064259446868040170E-0002   3.48121306187940139619273778280653854E-0002 -0.120519923460483551025390624999980820        0.119280076730251312255859375000015263      
          26   8.57407319281751172469712279847538918E-0006   1.81438184549372295565574532198279892E-0004   1.96727055327576334411308856030801876E-0004 -0.120519923460483551025390624999980820        0.119280076730251312255859375000015263      
          27   8.24408955990436099465044781017880701E-0006   2.62213220381215416296735955523906858E-0002   2.55047880714088199227503639491402533E-0002 -0.120519923460483551025390624999980820        0.119280076730251312255859375000015263      
          28   7.93709325506115398945570930844284571E-0006   9.26108001560651957264562206235734457E-0003   9.85767984316517384803953965214354163E-0003 -0.120519923460483551025390624999980820        0.119280076730251312255859375000015263      
          29   7.65196957819967884385143423266158314E-0006   1.18625187790207753452418117806685051E-0002   1.17324022283521638554490059845658339E-0002 -0.120519923460483551025390624999980820        0.119280076730251312255859375000015263      
          30   7.38690085176054397197032152765824110E-0006   1.05942495109998264881878062746295583E-0002   1.15342445546187136720839637203139388E-0002 -0.120519923460483551025390624999980820        0.119280076730251312255859375000015263      
          31   7.13951870615990426917577558909934113E-0006   1.35495082836384671295308273667948992E-0004   1.30877211965635262257656418925662621E-0004 -0.120519923460483551025390624999980820        0.119280076730251312255859375000015263      
          32   6.90799178611928732571679954238039528E-0006   7.78789626999579905352613620981035258E-0003   8.63185566644723257338100583520187444E-0003 -0.120519923460483551025390624999980820        0.119280076730251312255859375000015263      
          33   6.69093122806879350846215199575801785E-0006   5.85996539909958430813772450828110479E-0003   5.48196585520471976100201281805574269E-0003 -0.120519923460483551025390624999980820        0.119280076730251312255859375000015263      
          34   6.48705413247149663294777448363341860E-0006   3.55122704367337020676264505405122362E-0003   4.05165544859428455936660891127212628E-0003 -0.120519923460483551025390624999980820        0.119280076730251312255859375000015263      
          35   6.29517104399302902596649324992354831E-0006   6.77934262625726721741302375587132248E-0003   6.44910227734930293860206267414213059E-0003 -0.120519923460483551025390624999980820        0.119280076730251312255859375000015263      
          36   6.11424523360229431304910121855297324E-0006   4.78044657389981558717414980612951419E-0005   5.35391348870986409085425815084694833E-0005 -0.120519923460483551025390624999980820        0.119280076730251312255859375000015263      
          37   5.94337063018773183652667163828429088E-0006   5.03616353826595031171420031775191243E-0003   4.84317521372931064729216839443590068E-0003 -0.120519923460483551025390624999980820        0.119280076730251312255859375000015263      
          38   5.78173460435747598520617693207955874E-0006   1.78861416127544400019931092582281381E-0003   1.94845973708700267731520485976113104E-0003 -0.120519923460483551025390624999980820        0.119280076730251312255859375000015263      
          39   5.62860590729242298790608976898376232E-0006   2.31647441022143029072320158046294896E-0003   2.28034178341834110591204024088014299E-0003 -0.120519923460483551025390624999980820        0.119280076730251312255859375000015263      
          40   5.48332950122380880363868838181149158E-0006   2.07852509577822046351017575112027575E-0003   2.33038714120930643903003477565249589E-0003 -0.120519923460483551025390624999980820        0.119280076730251312255859375000015263      
          41   5.34531697042196508194188818331223722E-0006   3.60480412446367714139686555277526680E-0005   3.43913513542955680585669316940953122E-0005 -0.120519923460483551025390624999980820        0.119280076730251312255859375000015263      
          42   5.21403698076435729853258332949652909E-0006   1.55055221269158363925680705615920921E-0003   1.77668551172139708096469825978251059E-0003 -0.120519923460483551025390624999980820        0.119280076730251312255859375000015263      
          43   5.08900850080999923365518646432769317E-0006   1.19321555677530040020144894446233498E-0003   1.09230219580071162366359078986247072E-0003 -0.120519923460483551025390624999980820        0.119280076730251312255859375000015263      
          44   4.96979533325982222346953138850186390E-0006   7.15141704579278996905788756684979939E-0004   8.49230811960322797747466358473151456E-0004 -0.120519923460483551025390624999980820        0.119280076730251312255859375000015263      
          45   4.85600101588306204396196258161554644E-0006   1.39577934562282826438778658538632907E-0003   1.30726309193828304342491628257943857E-0003 -0.120519923460483551025390624999980820        0.119280076730251312255859375000015263      
          46   4.74726430423333062399853969531911656E-0006   1.25923587116123391549023437591593519E-0005   1.45677614740201331427150700442705501E-0005 -0.120519923460483551025390624999980820        0.119280076730251312255859375000015263      
          47   4.64325534472517154276670991138478643E-0006   1.04809713300113120110034277593831401E-0003   9.96120385575894342429313634019996901E-0004 -0.120519923460483551025390624999980820        0.119280076730251312255859375000015263      
          48   4.54367236265409406015967186053157589E-0006   3.72563958216374216901735744990524849E-0004   4.15390026079684060248863956686695794E-0004 -0.120519923460483551025390624999980820        0.119280076730251312255859375000015263      
          49   4.44823873703654786566776005128864008E-0006   4.85981865225550043676661631685047415E-0004   4.75960238246182197423388033758662199E-0004 -0.120519923460483551025390624999980820        0.119280076730251312255859375000015263      
          50   4.35670042652622736220593573856460585E-0006   4.36384531942902215699368323224138570E-0004   5.03867642479251880852581717571173637E-0004 -0.120519923460483551025390624999980820        0.119280076730251312255859375000015263      
