          10   6.36325604188023150799128269883969314E-0004   5.78102548799663605043476752930998448E-0004   4.22822758770683903287380713323126181E-0004   1.29979999999999999999999999999998521         1.69979999999999999999999999999997782      
          11   2.87764695924096186379347656654537420E-0004   4.84216175116254667716617587394696867E-0004   3.59460625139364099096113951037788452E-0004   1.29979999999999999999999999999998521         1.69979999999999999999999999999997782      
          12   1.28317193024575571026876325486586107E-0004   2.02765933576071485814289948259833475E-0004   1.49739393168124484356250107651238782E-0004   1.29979999999999999999999999999998521         1.69979999999999999999999999999997782      
          13   5.65250167078641267073407181714715046E-0005   5.93574492013979194466747200107775448E-0005   4.45269644557793599369707587407451463E-0005   1.29979999999999999999999999999998521         1.69979999999999999999999999999997782      
          14   2.46364498967646238016984018833571968E-0005   4.94023227141811632022897691408187975E-0005   3.67188873385418391510637786524909665E-0005   1.29979999999999999999999999999998521         1.69979999999999999999999999999997782      
          15   1.06379686818883275601838169007092162E-0005   2.65596201179586073361816122972045477E-0006   2.08322897214057306962137484666293585E-0006   1.29979999999999999999999999999998521         1.69979999999999999999999999999997782      
          16   4.55566492429537363501507875744721247E-0006   9.64797115702398796677229955009788082E-0006   7.21066628029130864613240196345635309E-0006   1.29979999999999999999999999999998521         1.69979999999999999999999999999997782      
          17   1.93664150728203567957266564473736980E-0006   1.16191668385672298750995628322208655E-0006   8.48443187152948795731238635785482446E-0007   1.29979999999999999999999999999998521         1.69979999999999999999999999999997782      
          18   8.17858685942276512513976696857591054E-0007   1.55059470874259245076551933442830154E-0006   1.16557435807702332045915881969497623E-0006   1.29979999999999999999999999999998521         1.69979999999999999999999999999997782      
          19   3.43331183689049715764654872953275981E-0007   4.70291124852111059179985443549415406E-0007   3.49183655029738656546740175355795809E-0007   1.29979999999999999999999999999998521         1.69979999999999999999999999999997782      
          20   1.43346130691837978922799031078142029E-0007   1.95924323815099922272468031218100976E-0007   1.48474001286987599626933536965105996E-0007   1.29979999999999999999999999999998521         1.69979999999999999999999999999997782      
          21   5.95517124351166941748825272396715516E-0008   1.15479849786468330782002480941380084E-0007   8.63267709872013303819103351026591809E-0008   1.29979999999999999999999999999998521         1.69979999999999999999999999999997782      
          22   2.46268050200048617212987953150651997E-0008   1.48858244666799216359854472017192265E-0008   1.15383187384176126009039749404739493E-0008   1.29979999999999999999999999999998521         1.69979999999999999999999999999997782      
          23   1.01408732477187853221974953193415447E-0008   2.24521088243462798604222956346731179E-0008   1.68721779339582294421298411510185633E-0008   1.29979999999999999999999999999998521         1.69979999999999999999999999999997782      
          24   4.15934546371754352592612581966933424E-0009   1.16259085294139432774781211648660188E-0009   8.06706920547994481880796113562936453E-0010   1.29979999999999999999999999999998521         1.69979999999999999999999999999997782      
          25   1.69969207576512826281347120139674894E-0009   3.64039827176103999671677086450484077E-0009   2.75056881731269893489538213793710034E-0009   1.29979999999999999999999999999998521         1.69979999999999999999999999999997782      
          26   6.92166727216061438989887374634072532E-0010   7.96848649311031279171924037807620357E-0010   5.89412453947693874321350388766759063E-0010   1.29979999999999999999999999999998521         1.69979999999999999999999999999997782      
          27   2.80953431859989521864200086464509869E-0010   4.83432426044592690688174043066334293E-0010   3.67990723843503267726529971820333560E-0010   1.29979999999999999999999999999998521         1.69979999999999999999999999999997782      
          28   1.13689123406195806608595943573598452E-0010   2.12998635101034504182657651453533983E-0010   1.59265028261367610567493728598822196E-0010   1.29979999999999999999999999999998521         1.69979999999999999999999999999997782      
          29   4.58704850425330160846576665361277017E-0011   4.59558453054029271817383846565907000E-0011   3.55496913579821508800414829070954480E-0011   1.29979999999999999999999999999998521         1.69979999999999999999999999999997782      
          30   1.84560461120587524643207005381324853E-0011   4.29289285230699463236886673267273707E-0011   3.23072017323807655534188743489287903E-0011   1.29979999999999999999999999999998521         1.69979999999999999999999999999997782      
          31   7.40609428865371649138094786134847965E-0012   6.24009677432577582181772581254819487E-0013   6.42630689806888973937334260564153771E-0013   1.29979999999999999999999999999998521         1.69979999999999999999999999999997782      
          32   2.96437256778036994531393311786970693E-0012   7.18511874897526419191873426205803823E-0012   5.43941913072602123775881927080528008E-0012   1.29979999999999999999999999999998521         1.69979999999999999999999999999997782      
          33   1.18361944070188472206509933921859572E-0012   1.06286742698940256332084073176397506E-0012   7.75118536142116162379304816673940378E-0013   1.29979999999999999999999999999998521         1.69979999999999999999999999999997782      
          34   4.71481943934725552384709646629408681E-0013   1.00506619507837634814062142679600267E-0012   7.66476147923304073211175664581706483E-0013   1.29979999999999999999999999999998521         1.69979999999999999999999999999997782      
          35   1.87380564921102507614471614028403351E-0013   3.36060632157343946557500214970882445E-0013   2.50371105891483403349450817044759591E-0013   1.29979999999999999999999999999998521         1.69979999999999999999999999999997782      
          36   7.43052543345622351523281677298989315E-0014   1.09369479225996655280402849736744327E-0013   8.45072185888799350409562172054166162E-0014   1.29979999999999999999999999999998521         1.69979999999999999999999999999997782      
          37   2.94018866905117967382579135044897077E-0014   7.21805159722837828241976552883675997E-0014   5.42637293860433515589338880460976592E-0014   1.29979999999999999999999999999998521         1.69979999999999999999999999999997782      
          38   1.16094945384658371408075156950494095E-0014   6.08386502860987966848812207385331585E-0015   4.96629003871550148953350955268925887E-0015   1.29979999999999999999999999999998521         1.69979999999999999999999999999997782      
          39   4.57458621845169672024118078919527070E-0015   1.26314334550392823108690922452202503E-0014   9.56233685538420746597942314564075650E-0015   1.29979999999999999999999999999998521         1.69979999999999999999999999999997782      
          40   1.79889474072043691417238814920316213E-0015   1.04862563458562324300724415710343061E-0015   7.32668611384240429743671425017811833E-0016   1.29979999999999999999999999999998521         1.69979999999999999999999999999997782      
          41   7.05971327569754631518670754720638990E-0016   1.86116929101068227247244414017546480E-0015   1.41970155154647911484365487747949299E-0015   1.29979999999999999999999999999998521         1.69979999999999999999999999999997782      
          42   2.76505956030851374573210519203832930E-0016   4.66283937891463844202963164501611564E-0016   3.44555277140570682722940847974232555E-0016   1.29979999999999999999999999999998521         1.69979999999999999999999999999997782      
          43   1.08084635048746907173906913225528296E-0016   2.23061979933368561119530529905509059E-0016   1.72131037093930411140325116921420998E-0016   1.29979999999999999999999999999998521         1.69979999999999999999999999999997782      
          44   4.21665534069623850536108517542503686E-0017   1.10092789092923548457699451225334270E-0016   8.24925608048883622465088620169829415E-0017   1.29979999999999999999999999999998521         1.69979999999999999999999999999997782      
          45   1.64178733162255517457490048460884016E-0017   1.79491330805143521553963944803551911E-0017   1.42787492247944478781805280602728068E-0017   1.29979999999999999999999999999998521         1.69979999999999999999999999999997782      
          46   6.37979529926095554715801940850171506E-0018   2.03694957344524976506997532088349686E-0017   1.53960730721458658845699598922607630E-0017   1.29979999999999999999999999999998521         1.69979999999999999999999999999997782      
          47   2.47418025861433153052751109780607828E-0018   3.99016908675916413288650607928172389E-0019   1.83278224785460589255991433663532140E-0019   1.29979999999999999999999999999998521         1.69979999999999999999999999999997782      
          48   9.57592844832477582833241478724995043E-0019   3.16377560024407668382176558976241620E-0018   2.41103751533509055837101241101728037E-0018   1.29979999999999999999999999999998521         1.69979999999999999999999999999997782      
          49   3.69863259534554314579710579097961667E-0019   5.66725646643723825849505222937783602E-0019   4.12081537152783764953867174016244834E-0019   1.29979999999999999999999999999998521         1.69979999999999999999999999999997782      
          50   1.42559189825766392376839040157941980E-0019   4.09489809308205300687815064329873315E-0019   3.15456018809288659041180827282543503E-0019   1.29979999999999999999999999999998521         1.69979999999999999999999999999997782      
