          10   2.23237326165246803134763588834711944E-0005   1.39035769199344285739695584776200744E-0004   1.02125320070696564104182981698747462E-0004   1.29979999999999999999999999999998521         1.69979999999999999999999999999997782      
          11   1.47288231957826341758782387066338294E-0005   1.45329166318983299234445942273585932E-0007   1.07236170203699606339636717678624348E-0007   1.29979999999999999999999999999998521         1.69979999999999999999999999999997782      
          12   9.56606191876267254143963523083397675E-0006   1.37875225235770197228286878851897323E-0005   1.02207246820969895975194306193492920E-0005   1.29979999999999999999999999999998521         1.69979999999999999999999999999997782      
          13   6.12834870713087448745613759185308663E-0006   2.66736427580371617004212070229526094E-0006   1.95658337762125876385304561015011380E-0006   1.29979999999999999999999999999998521         1.69979999999999999999999999999997782      
          14   3.87910470340051639305606592008771572E-0006   8.14489477891028690043878531263726518E-0007   6.11621791215076881368435087189204817E-0007   1.29979999999999999999999999999998521         1.69979999999999999999999999999997782      
          15   2.42951663393070869831311183988602874E-0006   4.06846822596734353403800668301562734E-0007   3.01717510604335315860039442233470052E-0007   1.29979999999999999999999999999998521         1.69979999999999999999999999999997782      
          16   1.50744122098409499365149011181047086E-0006   6.13245198729484385343334682981245407E-0010   4.56729625494508988325332002998965819E-0010   1.29979999999999999999999999999998521         1.69979999999999999999999999999997782      
          17   9.27568965753372239045724240437772252E-0007   3.74314692407977778643950795479645742E-0008   2.80043284571230029977490489920095703E-0008   1.29979999999999999999999999999998521         1.69979999999999999999999999999997782      
          18   5.66529224735274541707854239718362284E-0007   7.03541562947305941215411312269029597E-0009   5.17559353297700503804504126951416917E-0009   1.29979999999999999999999999999998521         1.69979999999999999999999999999997782      
          19   3.43712738826859991231066005615496605E-0007   2.07905870804935563230314163354671817E-0009   1.57804214025759774174410890896784742E-0009   1.29979999999999999999999999999998521         1.69979999999999999999999999999997782      
          20   2.07273965305825636080706048054645094E-0007   1.01488535997352899477903818782156576E-0009   7.56164769608049098588122361999963044E-0010   1.29979999999999999999999999999998521         1.69979999999999999999999999999997782      
          21   1.24310787049087427187288979258280612E-0007   1.99164094193549228501071899294209888E-0012   1.49090820720105878277982770163735918E-0012   1.29979999999999999999999999999998521         1.69979999999999999999999999999997782      
          22   7.41813707124185987956269132491110732E-0008   8.92110241238877684457888917260049288E-0011   6.71187285231050234325472686637476836E-0011   1.29979999999999999999999999999998521         1.69979999999999999999999999999997782      
          23   4.40639855275778834794048180402134534E-0008   1.64882417405541658719846777186155892E-0011   1.21274438622331609772025702772102773E-0011   1.29979999999999999999999999999998521         1.69979999999999999999999999999997782      
          24   2.60636311131728797526517979254326978E-0008   4.76549017584602931800435401866087320E-0012   3.64648082172653191507777681471987415E-0012   1.29979999999999999999999999999998521         1.69979999999999999999999999999997782      
          25   1.53564039958827490372761114993317127E-0008   2.29438281614326930082952000389698416E-0012   1.71361161875791923966693914197873173E-0012   1.29979999999999999999999999999998521         1.69979999999999999999999999999997782      
          26   9.01515954110714394047986222989712525E-0009   5.54024512969300554190475712849748045E-0015   4.16035252935009566201440715284117861E-0015   1.29979999999999999999999999999998521         1.69979999999999999999999999999997782      
          27   5.27471605100469023994926813164827589E-0009   1.95640361547790501178148605764012789E-0013   1.47765637156286493810944871274610983E-0013   1.29979999999999999999999999999998521         1.69979999999999999999999999999997782      
          28   3.07657468823490464887494147607458772E-0009   3.57811537535638797054496846237776316E-0014   2.62733176508850083662047699323809530E-0014   1.29979999999999999999999999999998521         1.69979999999999999999999999999997782      
          29   1.78924319534048701041667304697929425E-0009   1.01715241182575122224052904945830210E-0014   7.83578570720298041317102827268024511E-0015   1.29979999999999999999999999999998521         1.69979999999999999999999999999997782      
          30   1.03773583873174494315087237845411647E-0009   4.85448045242897700223898857270261413E-0015   3.63007102497026006565009994753853081E-0015   1.29979999999999999999999999999998521         1.69979999999999999999999999999997782      
          31   6.00335533896319127279644889324163834E-0010   1.39096239305763818905784898334557004E-0017   1.04667321801318414621424281252141995E-0017   1.29979999999999999999999999999998521         1.69979999999999999999999999999997782      
          32   3.46464352015733838046215574403978040E-0010   4.05014959138992721260221260538079173E-0016   3.06800767617165557683138049053014309E-0016   1.29979999999999999999999999999998521         1.69979999999999999999999999999997782      
          33   1.99499513323522232849531818525407015E-0010   7.35719983949011581286991066760946507E-0017   5.38840791198458793414356037286807868E-0017   1.29979999999999999999999999999998521         1.69979999999999999999999999999997782      
          34   1.14630484784678475375997323009185879E-0010   2.06395880025981875581590500500572904E-0017   1.59950571233703174238844782701295798E-0017   1.29979999999999999999999999999998521         1.69979999999999999999999999999997782      
          35   6.57332280795828932695926858655045940E-0011   9.79456325456451029481360268811940698E-0018   7.32778813847849749570763947768899687E-0018   1.29979999999999999999999999999998521         1.69979999999999999999999999999997782      
          36   3.76221571313979970096961487481663594E-0011   3.24671447896234044534688379428775031E-0020   2.44653763507814908500374974044469421E-0020   1.29979999999999999999999999999998521         1.69979999999999999999999999999997782      
          37   2.14941335343451421031211332516474016E-0011   8.03834913260377933424186135526154820E-0019   6.10330058031517623687093744493456073E-0019   1.29979999999999999999999999999998521         1.69979999999999999999999999999997782      
          38   1.22589695174764223054591078974480932E-0011   1.45367601083766152926536339490846985E-0019   1.06136954399307772471580975716166796E-0019   1.29979999999999999999999999999998521         1.69979999999999999999999999999997782      
          39   6.98044307649964037255005025143790177E-0012   4.03316801167714558219692128033183086E-0020   3.14269932981557149062573066077467325E-0020   1.29979999999999999999999999999998521         1.69979999999999999999999999999997782      
          40   3.96863825806597459814790406774886824E-0012   1.90686536452850009970718085569762610E-0020   1.42667135552617834206110898528683244E-0020   1.29979999999999999999999999999998521         1.69979999999999999999999999999997782      
          41   2.25300194237740155519179916374425085E-0012   7.17638787540638522774951016246879594E-0023   5.41304880188053222171342779053342337E-0023   1.29979999999999999999999999999998521         1.69979999999999999999999999999997782      
          42   1.27724123200644939430919209678045794E-0012   1.54484505702751061420589468451623226E-0021   1.17523702290703093888423281129320187E-0021   1.29979999999999999999999999999998521         1.69979999999999999999999999999997782      
          43   7.23108315693886690513594879691624659E-0013   2.78563814742700209373651558566383735E-0022   2.02682977022035195826587278145559391E-0022   1.29979999999999999999999999999998521         1.69979999999999999999999999999997782      
          44   4.08863873524903978059661784929269137E-0013   7.65466903464287085894812867941875116E-0023   5.99527275591559840078006713795325333E-0023   1.29979999999999999999999999999998521         1.69979999999999999999999999999997782      
          45   2.30899653203934075678849778044302273E-0013   3.61061158342363505312754152897325467E-0023   2.70063009389584258076016093648349276E-0023   1.29979999999999999999999999999998521         1.69979999999999999999999999999997782      
          46   1.30244572622276515518030853614269306E-0013   1.52056064302684793783282264282468890E-0025   1.14773526675468821376483276157527967E-0025   1.29979999999999999999999999999998521         1.69979999999999999999999999999997782      
          47   7.33852935891995505757876236357278141E-0014   2.89460918231110179631065199055107872E-0024   2.20574525244533052418403595761006344E-0024   1.29979999999999999999999999999998521         1.69979999999999999999999999999997782      
          48   4.13039336577860712462032590888023189E-0014   5.21009787711438584083574748055794524E-0025   3.77678085330691877262200949025588957E-0025   1.29979999999999999999999999999998521         1.69979999999999999999999999999997782      
          49   2.32233839411287893921709354611858188E-0014   1.41944582153180910393983879812705854E-0025   1.11718387412018405785299370283624588E-0025   1.29979999999999999999999999999998521         1.69979999999999999999999999999997782      
          50   1.30445447225931930679213644935349937E-0014   6.68615251513111019168527187111988780E-0026   4.99855618950950089284902736277227156E-0026   1.29979999999999999999999999999998521         1.69979999999999999999999999999997782      
