          10   8.15577255855812976484314091455278400E-0007   2.44313535889559393840184808660903939E-0003   2.18624097076565670838858913636453008E-0004   1.29979999999999999999999999999998521         1.69979999999999999999999999999997782      
          11   7.47046453795643050082024198527530935E-0007   4.18767562918206769453949571377693947E-0006   3.09998020303527637832050607609793775E-0007   1.29979999999999999999999999999998521         1.69979999999999999999999999999997782      
          12   6.75235358978690388221088297764562668E-0007   5.77359116822081480290538890387459339E-0004   2.88951389398512676272784977634677642E-0005   1.29979999999999999999999999999998521         1.69979999999999999999999999999997782      
          13   6.19571118768655889913650914843685326E-0007   1.89568272117873950766870490862492491E-0004   8.76503308549386311464170822597683934E-0006   1.29979999999999999999999999999998521         1.69979999999999999999999999999997782      
          14   5.71446332236595989246135328474197642E-0007   1.01162519949692900613856120852072586E-0004   4.94363470255599767520586538168328562E-0006   1.29979999999999999999999999999998521         1.69979999999999999999999999999997782      
          15   5.30498168509793307521323732356534418E-0007   1.00501425482037586483011658185865238E-0004   7.45479410442300650152655403830763729E-0007   1.29979999999999999999999999999998521         1.69979999999999999999999999999997782      
          16   4.94957526033958283842627588632495286E-0007   2.56236284604113533882621299507252093E-0007   1.32794850326241069976963166490554269E-0009   1.29979999999999999999999999999998521         1.69979999999999999999999999999997782      
          17   4.63890715040503166653190050899842668E-0007   1.72088419939402523709636871913616950E-0005   1.48767937684388539760515669865478174E-0006   1.29979999999999999999999999999998521         1.69979999999999999999999999999997782      
          18   4.36483511932030005539504279835504385E-0007   4.38876275013795388706529047535467644E-0006   1.22310040946866924564801583028879991E-0007   1.29979999999999999999999999999998521         1.69979999999999999999999999999997782      
          19   4.12129638634578163775932407682202321E-0007   5.13888556365726267709650894764638713E-0006   3.57518729127536727509159807386691153E-0007   1.29979999999999999999999999999998521         1.69979999999999999999999999999997782      
          20   3.90344153363544788424724789424425449E-0007   7.85244703882236467224572431149339049E-0006   4.83340192756803713128309547863677971E-0007   1.29979999999999999999999999999998521         1.69979999999999999999999999999997782      
          21   3.70741188410392308424139523186265388E-0007   2.17463403753522615158732433487404987E-0008   1.04155334328207937228146625531727501E-0009   1.29979999999999999999999999999998521         1.69979999999999999999999999999997782      
          22   3.53008144127313109198930659281941376E-0007   1.23934146214695582210082622185193220E-0006   3.75866494658912601216957386980443485E-0007   1.29979999999999999999999999999998521         1.69979999999999999999999999999997782      
          23   3.36889530582360796088376455740242707E-0007   9.61364241892939366085272105511253399E-0007   8.78485879732318606684740897797267918E-0008   1.29979999999999999999999999999998521         1.69979999999999999999999999999997782      
          24   3.22174370563008159913118625533053314E-0007   6.84907943844739713325932176465164204E-0007   1.44593187354802644186708836145581204E-0007   1.29979999999999999999999999999998521         1.69979999999999999999999999999997782      
          25   3.08686936747508778776155101167989278E-0007   1.83454751870072354667036840003418200E-0006   1.89597346518576193745301021462505332E-0007   1.29979999999999999999999999999998521         1.69979999999999999999999999999997782      
          26   2.96279673810068655538363278624101209E-0007   4.35446708326928201630824718353780816E-0009   4.05289273367621888194296833430851498E-0010   1.29979999999999999999999999999998521         1.69979999999999999999999999999997782      
          27   2.84827770365437193362961230374995102E-0007   9.65088760504756551722939877006780924E-0007   1.61983384351627400729468986485068639E-0007   1.29979999999999999999999999999998521         1.69979999999999999999999999999997782      
          28   2.74224937306665982692472884851858062E-0007   5.53243145100332294620265806692545401E-0007   4.19599817318833965065479042744888200E-0008   1.29979999999999999999999999999998521         1.69979999999999999999999999999997782      
          29   2.64380093794876550741494343414726664E-0007   2.63753221996830494159769809371167276E-0007   6.38874872614701160066960929890554336E-0008   1.29979999999999999999999999999998521         1.69979999999999999999999999999997782      
          30   2.55214740250014821375642009806930137E-0007   7.92048083634588872346374413655266547E-0007   9.14709815799162452210711992329317565E-0008   1.29979999999999999999999999999998521         1.69979999999999999999999999999997782      
          31   2.46660857896337248896864600188111519E-0007   1.81365694535799018412411545268405570E-0009   2.01064303155559245216293151146767280E-0010   1.29979999999999999999999999999998521         1.69979999999999999999999999999997782      
          32   2.38659215622293302056848770898698501E-0007   5.14391372626991369816349219211677373E-0007   8.01094638490505839236965587302256513E-0008   1.29979999999999999999999999999998521         1.69979999999999999999999999999997782      
          33   2.31157994880512601818212610175738758E-0007   2.82215602135915602730832889254949454E-0007   2.25407198980539930776271690401235186E-0008   1.29979999999999999999999999999998521         1.69979999999999999999999999999997782      
          34   2.24111665025269969789758490801298156E-0007   1.42047871177145135599386879101017106E-0007   3.24541898385083749831389521397222896E-0008   1.29979999999999999999999999999998521         1.69979999999999999999999999999997782      
          35   2.17480057431559466899801449455380257E-0007   4.15642354493631663331049611968794463E-0007   4.92122174689624568511849891732755616E-0008   1.29979999999999999999999999999998521         1.69979999999999999999999999999997782      
          36   2.11227598569632404735942366928507766E-0007   9.81140799599391764692039177628136178E-0010   1.11530426069650097599802949071758605E-0010   1.29979999999999999999999999999998521         1.69979999999999999999999999999997782      
          37   2.05322671076424454587012805946220780E-0007   2.89497737887303064600136738825891359E-0007   4.40089171519893138519227478247444536E-0008   1.29979999999999999999999999999998521         1.69979999999999999999999999999997782      
          38   1.99737078570969935013989878274041511E-0007   1.55609463945316622664733647549154078E-0007   1.31060420008655019358345230192084412E-0008   1.29979999999999999999999999999998521         1.69979999999999999999999999999997782      
          39   1.94445595075426281525274908567727000E-0007   8.44232862157972866167663635598203139E-0008   1.81793151922237427740626051526994833E-0008   1.29979999999999999999999999999998521         1.69979999999999999999999999999997782      
          40   1.89425583835391101556732147616560121E-0007   2.39868268976125292549772148826276948E-0007   2.87435746772811911814894155607672540E-0008   1.29979999999999999999999999999998521         1.69979999999999999999999999999997782      
          41   1.84656673379022584362224115895023058E-0007   5.89049749580116063011222922681117003E-0010   6.73109764134121132579780603476875884E-0011   1.29979999999999999999999999999998521         1.69979999999999999999999999999997782      
          42   1.80120481030614569099175519178750873E-0007   1.74396605821852817389086413805683993E-0007   2.61305141478210723423936587784843352E-0008   1.29979999999999999999999999999998521         1.69979999999999999999999999999997782      
          43   1.75800375960461277997904271169850503E-0007   9.24713896790620459674667636092561214E-0008   8.10892935325762835530517895092552333E-0009   1.29979999999999999999999999999998521         1.69979999999999999999999999999997782      
          44   1.71681275327863861448195875729238658E-0007   5.32101672541467839293215906072796022E-0008   1.09597682688122016643421257118528352E-0008   1.29979999999999999999999999999998521         1.69979999999999999999999999999997782      
          45   1.67749468247022713713955550156368483E-0007   1.47975306280228999593593550858887447E-0007   1.78812222120536404537835915701942281E-0008   1.29979999999999999999999999999998521         1.69979999999999999999999999999997782      
          46   1.63992463243564953168653048739534430E-0007   3.78016264823385616023669306000694073E-0010   4.33491471400889165575395338106460424E-0011   1.29979999999999999999999999999998521         1.69979999999999999999999999999997782      
          47   1.60398855623710086995422955744469482E-0007   1.11100044236162657610132201221057818E-0007   1.64740323047522973183545951317695787E-0008   1.29979999999999999999999999999998521         1.69979999999999999999999999999997782      
          48   1.56958211787727483158680809477995559E-0007   5.83365864868855512256127845878278905E-0008   5.27258940094381035870350339315813051E-0009   1.29979999999999999999999999999998521         1.69979999999999999999999999999997782      
          49   1.53660968014551124160112756077050063E-0007   3.51080459831237254987214423903915821E-0008   6.99589328155261619562713596631172440E-0009   1.29979999999999999999999999999998521         1.69979999999999999999999999999997782      
          50   1.50498341648573621173006715596843489E-0007   9.61497044607181675913981873450460479E-0008   1.16928936309884989574252745196409818E-0008   1.29979999999999999999999999999998521         1.69979999999999999999999999999997782      
